0.0295466
0.0675548
0.0697743
0.0219172
-0.0319047
-0.0499379
-0.0359275
-0.00235818
0.0362049
0.050354
0.0305176
-0.000693581
-0.0210849
-0.022472
-0.00499379
0.0245528
0.0438343
0.0324596
0.00249689
-0.0149814
-0.00707453
0.0067971
0.00346791
-0.00873912
-0.00818426
0.00887784
0.0319047
0.0407826
0.0367598
0.043002
0.0479958
0.0285756
-0.00194203
-0.0363437
-0.0786521
-0.0853105
-0.00998757
0.0828136
0.0851718
0.0177557
-0.0163685
-0.0051325
0.00388406
0.0203913
0.0595093
0.0799006
0.0543768
0.0191428
0.0124845
0.0160911
0.00360662
-0.010265
-0.0113747
-0.00194203
0.0135942
0.0228882
0.0270497
0.0402277
0.0524347
0.0510476
0.0454989
0.0385631
0.0190041
-0.0043002
-0.000693581
0.0356501
0.0726873
0.0758778
0.0477184
0.032737
0.050354
0.0602029
0.0316273
-0.0162298
-0.0409213
-0.00957142
0.0536832
0.0846169
0.0570124
0.00707453
-0.0135942
0.0067971
0.0345403
0.0409213
0.0281594
0.0144265
0.00971014
-0.00152588
-0.0245528
-0.0242753
0.00818426
0.0212236
-0.00554865
-0.0235818
-0.00929399
0.00554865
0.00499379
0.00263561
0.00971014
0.0301014
0.0389793
0.00735196
-0.0377308
-0.0499379
-0.0301014
0.000416149
0.0282981
0.0364824
0.0337081
0.0488281
0.062561
0.038147
0.0067971
0.00915527
0.0147039
0.00568737
0.0228882
0.0572898
0.0585383
0.0399503
0.0213623
-0.0129006
-0.0414762
-0.0348178
-0.0140103
0.000693581
0.0209462
0.0507702
0.0722712
0.0694968
0.0387018
-0.00984885
-0.0411987
-0.0284368
0.00471635
0.0206687
0.0147039
-0.0016646
-0.0115134
0.00332919
0.0407826
0.0663064
0.0411987
-0.0183105
-0.0362049
0.012207
0.0406439
-0.00180331
-0.0274658
0.0259399
0.0864202
0.0903043
0.0568737
0.0117909
-0.0162298
0.00291304
0.0417536
0.0563188
0.0510476
0.0316273
-0.0127619
-0.0603416
-0.0704679
-0.0507702
-0.0471635
-0.063532
-0.0406439
0.0387018
0.0962691
0.0696356
0.00319047
-0.029824
-0.0217785
-0.00568737
-0.00221946
-0.0177557
-0.0406439
-0.0356501
0.00804554
0.0538219
0.0657515
0.0416149
0.00721325
-0.00499379
0.0110973
0.0342629
0.0510476
0.0622836
0.0599254
0.0418923
0.0292691
0.0350952
0.048412
0.0540993
0.0398116
0.0137329
0.00235818
0.00194203
-0.00762939
-0.00818426
0.0244141
0.0581221
0.0356501
-0.0303789
-0.0557639
-0.00346791
0.0636708
0.0810103
0.0552091
0.0310724
0.0267722
0.0187267
-0.00124845
-0.00485507
0.0156749
0.038147
0.0524347
0.0525735
0.0310724
0.00277433
-0.011236
-0.00624223
0.00208074
-0.00971014
-0.0357888
-0.0385631
-0.00499379
0.0287143
0.0263561
-0.000693581
-0.0067971
0.0223333
0.0395341
0.0196977
0.0180331
0.0524347
0.0529896
0.010265
0.00277433
0.0302401
0.0251076
0.00651966
0.0160911
0.00651966
-0.0325983
-0.0209462
0.0389793
0.0478571
0
-0.0228882
0.00152588
0.0282981
0.02053
-0.0123457
-0.0239979
0.00110973
0.0194203
0.00610352
-0.00277433
0.0192816
0.0416149
0.0309337
0.00305176
-0.00527122
0.0140103
0.0402277
0.0517412
0.0425859
0.0163685
-0.0206687
-0.0464699
-0.0287143
0.0213623
0.0468861
0.0316273
0.0173395
0.0213623
0.0210849
0.0120683
0.0162298
0.0357888
0.050354
0.0588157
0.070884
0.0653354
0.0324596
0.0177557
0.0378695
0.0382857
-0.00208074
-0.031766
-0.0192816
0.00957142
0.0192816
-0.00291304
-0.0385631
-0.0411987
0.0016646
0.0314886
0.0110973
-0.0104037
0.00485507
0.0202526
0.00582608
-0.00374534
0.0267722
0.0614513
0.0585383
0.0450828
0.0439731
0.0425859
0.0527122
0.0731035
0.0668612
0.0402277
0.0248302
0.0227495
0.0292691
0.0459151
0.0589544
0.0454989
0.0108199
-0.00790683
0.00984885
0.0384244
0.0454989
0.023443
-0.0156749
-0.0346791
0.00263561
0.0710227
0.101818
0.0722712
0.0231656
-0.0130393
-0.0321822
-0.0180331
0.0241366
0.0517412
0.0485507
0.0291304
0.00554865
-0.000971014
0.0115134
0.0105424
-0.0133168
-0.0348178
-0.037176
-0.00915527
0.0384244
0.0529896
0.0135942
-0.0199751
-0.00374534
0.023443
0.0130393
-0.0241366
-0.0434182
-0.0251076
0.00346791
0.0156749
0.0235818
0.0328758
0.0238592
0.00152588
-0.0110973
-0.0221946
-0.0355114
-0.0259399
-0.00360662
0
-0.00152588
0.0216397
0.0633933
0.0893333
0.0731035
0.0332919
0.0109586
0.00873912
0.00332919
-0.0043002
0.000416149
0.011236
0.00804554
-0.0158137
-0.0316273
-0.0105424
0.0169234
0.00651966
-0.0165072
0.000832298
0.049383
0.0714389
0.0393954
-0.00499379
0.00374534
0.0578447
0.072826
0.0151201
-0.0335693
-0.00527122
0.0502153
0.0534058
0.00762939
-0.023443
-0.0108199
0.0123457
0.0223333
0.0237205
0.0194203
0.0263561
0.0527122
0.0681097
0.0621449
0.063532
0.0837846
0.0930786
0.058677
0.00416149
-0.0216397
-0.0133168
0.0208074
0.0642256
0.0603416
-0.00332919
-0.0459151
-0.0194203
0.026911
0.0518799
0.0599254
0.0443892
0.0162298
0.0133168
0.0281594
0.0277433
0.0196977
0.0206687
0.0208074
0.0109586
-0.00110973
-0.00416149
0.00208074
0.00235818
-0.0106812
-0.0244141
-0.0245528
-0.00971014
0.0104037
0.0208074
0.0190041
0.021501
0.0368985
0.0470248
0.0463312
0.0482733
0.0325983
-0.0145652
-0.0380083
-0.00221946
0.030795
0.0117909
-0.0210849
-0.022472
0.00790683
0.0441118
0.0511863
0.0188654
-0.0203913
-0.0251076
0.0144265
0.0547929
0.0356501
-0.0292691
-0.0626998
-0.0342629
0.0151201
0.0417536
0.0339855
0.00249689
-0.022472
-0.00790683
0.0353726
0.053267
0.0233043
-0.00943271
0.00624223
0.0477184
0.0457764
0.00277433
-0.00790683
0.0198364
0.0285756
0.0167847
0.0120683
0.0170621
0.0388406
0.0622836
0.0482733
0.00943271
-0.0223333
-0.0452215
-0.0407826
-0.00402277
0.0202526
0.0226108
0.0344016
0.0529896
0.0631159
0.0636708
0.048412
0.031766
0.0411987
0.0461925
0
-0.0656128
-0.0879461
-0.0707453
-0.0521573
-0.0313499
0.00194203
0.0140103
-0.0155362
-0.0431408
-0.0263561
0.0113747
0.0220559
-0.00152588
-0.0274658
-0.0206687
0.0249689
0.0643643
0.0479958
-0.0101263
-0.051325
-0.0445279
-0.00360662
0.0436956
0.0646418
0.0387018
0.00346791
0.0119296
0.0464699
0.0590931
0.0482733
0.0331532
0.0178944
0.00485507
0.000971014
-0.00291304
-0.0209462
-0.0312112
-0.0051325
0.0299627
0.0310724
0.0129006
0.0199751
0.0460538
0.0467474
0.0248302
0.0165072
0.00860041
-0.0256625
-0.0468861
-0.0117909
0.0411987
0.0539606
0.0258012
-0.00374534
0.000832298
0.0363437
0.0602029
0.0495217
0.0141491
-0.0267722
-0.0344016
0.00457764
0.0370372
0.0294078
0.0043002
-0.0233043
-0.0459151
-0.0398116
-0.00152588
0.0341242
0.0370372
0.00457764
-0.0355114
-0.031766
0.0167847
0.0389793
0.0156749
0.00651966
0.0181718
0.00554865
-0.0262174
-0.0425859
-0.0276045
0.0158137
0.0425859
0.00471635
-0.0542381
-0.0543768
0.0059648
0.0751842
0.110696
0.0731035
-0.0201139
-0.0682484
-0.0208074
0.0423085
0.0453602
0.022472
0.0292691
0.0563188
0.0751842
0.0780973
0.0672774
0.0495217
0.0360662
0.0339855
0.0337081
0.0246915
0.0134555
-0.0016646
-0.0299627
-0.0428633
-0.0148426
0.0174782
0.0212236
0.018588
0.0289917
0.0378695
0.0289917
0.00762939
-0.00749068
-0.0246915
-0.0624223
-0.081149
-0.032737
0.022472
-0.00388406
-0.0617287
-0.0402277
0.0299627
0.0388406
-0.00554865
-0.0199751
-0.00568737
-0.00804554
-0.0172008
-0.0051325
0.0230269
0.0442505
0.0424472
0.0172008
-0.0190041
-0.0409213
-0.0258012
0.00235818
0.00762939
-0.000693581
-0.0137329
-0.0342629
-0.0387018
-0.0206687
0.00485507
0.0366211
0.0485507
0.0181718
-0.00263561
0.0325983
0.0733809
0.0509089
-0.0116522
-0.0330145
0.00305176
0.029824
0.012207
-0.00319047
0.0259399
0.067971
0.0732422
0.0506314
0.030795
0.0142878
0.0101263
0.0423085
0.0837846
0.0832298
0.0450828
0.00762939
-0.00776811
0.00416149
0.0210849
0.0059648
-0.0277433
-0.0294078
0
0.00943271
-0.00943271
-0.00388406
0.0382857
0.0531283
0.013178
-0.0172008
0.00749068
0.0488281
0.049383
0.00818426
-0.0227495
-0.0217785
-0.0158137
-0.0043002
0.0183105
0.0284368
0.0303789
0.0409213
0.0402277
0.0187267
-0.00416149
-0.0208074
-0.030795
-0.0259399
-0.00610352
0.0135942
0.0152588
0.0016646
0.00776811
0.0535445
0.0879461
0.0517412
-0.0172008
-0.0377308
-0.016646
-0.02053
-0.0473022
-0.0368985
0.00762939
0.022472
-0.00388406
-0.0142878
0.0130393
0.0284368
0.00693581
-0.011236
-0.00721325
0.00319047
0.0208074
0.0448054
0.0589544
0.0646418
0.0639482
0.0374534
-0.00263561
-0.0106812
0.010265
0.0187267
0.0202526
0.0407826
0.0640869
0.0581221
0.0241366
-0.00388406
-0.000138716
0.0239979
0.0387018
0.0277433
-0.000416149
-0.0303789
-0.0488281
-0.0441118
-0.0190041
0.00582608
0.00943271
0.0016646
0.0198364
0.0552091
0.0488281
0.00721325
-0.000554865
0.0270497
0.0346791
0.0199751
0.00804554
0.00388406
0.019559
0.0442505
0.0310724
-0.0059648
-0.00915527
0.0159524
0.0313499
0.0316273
0.0220559
0.0117909
0.0196977
0.0370372
0.0289917
0.00277433
0.0016646
0.0206687
0.0291304
0.0323209
0.0206687
-0.022472
-0.0468861
-0.0115134
0.0353726
0.047441
0.0332919
0.0113747
0.00471635
0.0220559
0.042031
0.0563188
0.0632546
0.0507702
0.0345403
0.0356501
0.037176
0.0148426
-0.027882
-0.0488281
-0.00887784
0.0535445
0.0700517
0.0434182
0.0159524
0.0043002
0.00263561
-0.00319047
-0.0124845
-0.00346791
0.0167847
0.0227495
0.0303789
0.0608964
0.0767101
0.0441118
-0.00319047
-0.0156749
-0.000138716
-0.00610352
-0.040089
-0.0468861
-0.00416149
0.0416149
0.0538219
0.0414762
0.0235818
0.00762939
-0.00277433
-0.00416149
0.000971014
0.0108199
0.0264948
0.0377308
0.0398116
0.0488281
0.0607577
0.0382857
-0.010265
-0.0198364
0.022472
0.0488281
0.0187267
-0.0228882
-0.0188654
0.0237205
0.0590931
0.0654741
0.0561801
0.0479958
0.0332919
-0.000971014
-0.0339855
-0.029824
0.00180331
0.00790683
-0.0208074
-0.0341242
-0.0190041
-0.00235818
0.0184493
0.0349565
0.0117909
-0.0271884
-0.0213623
0.0170621
0.028853
0.0169234
0.023443
0.0339855
0.0174782
0.00499379
0.0280207
0.0539606
0.0452215
0.0155362
-0.00499379
-0.0159524
-0.030795
-0.0488281
-0.0460538
0.0067971
0.089472
0.129422
0.0898881
0.0217785
-0.00305176
0.0206687
0.0454989
0.0443892
0.0251076
-0.00499379
-0.0344016
-0.0366211
-0.0216397
-0.0309337
-0.0529896
-0.0352339
0.00651966
0.00443892
-0.0323209
-0.0370372
-0.018588
-0.0281594
-0.0450828
-0.0239979
0.00610352
0.00360662
-0.0059648
-0.00416149
-0.0159524
-0.0152588
0.0357888
0.070884
0.0325983
-0.0105424
-0.00235818
0.0105424
0.000832298
0.00277433
0.0147039
0.00235818
-0.0212236
-0.00818426
0.0393954
0.051325
-0.00360662
-0.047441
-0.012207
0.0399503
0.0294078
-0.00249689
0.0110973
0.0424472
0.0348178
-0.0051325
-0.0271884
-0.00582608
0.0306563
0.0434182
0.0384244
0.0377308
0.0237205
-0.0155362
-0.0427246
-0.0414762
-0.0425859
-0.038147
0.00485507
0.042031
0.0172008
-0.0147039
0.00971014
0.0407826
0.0231656
0.00152588
0.0235818
0.051325
0.0355114
-0.00624223
-0.0348178
-0.0328758
0.00110973
0.0368985
0.0330145
0.00208074
-0.00762939
0.0181718
0.0520186
0.0675548
0.0590931
0.0407826
0.0319047
0.0312112
0.0242753
0.011236
-0.00208074
-0.0183105
-0.0319047
-0.0324596
-0.0242753
-0.018588
-0.0183105
-0.0155362
-0.00665838
-0.0169234
-0.0610352
-0.0833685
-0.0237205
0.0656128
0.080178
0.0245528
-0.00790683
0.0059648
0.0123457
-0.00832298
-0.0319047
-0.0305176
0.0113747
0.0543768
0.0449441
0.0147039
0.0217785
0.042031
0.0255238
-0.0144265
-0.0406439
-0.0377308
-0.00665838
0.022472
0.0190041
0.00971014
0.0299627
0.0604803
0.0672774
0.0443892
0.00943271
-0.00221946
0.0313499
0.0724099
0.0556252
-0.0108199
-0.0481345
-0.0274658
0.00721325
0.02053
0.0104037
0.00180331
0.0209462
0.0516025
0.0633933
0.062561
0.0621449
0.0486894
0.0199751
0.00540993
0.0115134
0.0117909
0.0156749
0.0553478
0.102234
0.0930786
0.0349565
-0.00374534
0.00832298
0.0448054
0.0703291
0.0565962
0.0183105
0.0148426
0.0539606
0.0900269
0.104037
0.0846169
0.0346791
0.00762939
0.0209462
0.0217785
-0.000138716
-0.00610352
-0.00235818
-0.00915527
-0.00832298
0.00568737
0.0117909
-0.000138716
-0.023443
-0.0303789
-0.00416149
0.017617
-0.00360662
-0.0314886
-0.0104037
0.0314886
0.0239979
-0.0178944
-0.0271884
-0.00249689
0.0228882
0.0427246
0.0417536
0
-0.0373147
-0.00749068
0.056735
0.0700517
0.0280207
0.000693581
0.0160911
0.0249689
-0.00152588
-0.0299627
-0.0364824
-0.0262174
0.00402277
0.0378695
0.0334306
-0.00998757
-0.0395341
-0.0270497
-0.00527122
-0.00707453
-0.0169234
-0.00499379
0.021501
0.0325983
0.0281594
0.0238592
0.0108199
-0.0126232
-0.0155362
0.0191428
0.0557639
0.0449441
-0.00527122
-0.0334306
-0.000277433
0.0590931
0.0707453
0.0172008
-0.0428633
-0.0647805
-0.0597867
-0.0388406
0.00249689
0.0461925
0.0607577
0.0500766
0.0374534
0.0202526
-0.00194203
0.00499379
0.0514637
0.0869751
0.060619
-0.000832298
-0.0242753
-0.00360662
0.0134555
0.0158137
0.0113747
-0.00332919
-0.00776811
0.0169234
0.0356501
0.0230269
0.0178944
0.0259399
0.00901656
-0.00943271
0.00804554
0.0331532
0.0434182
0.0428633
0.023443
-0.00457764
-0.0180331
-0.0220559
-0.0155362
0.0101263
0.0264948
0.0201139
0.0210849
0.0377308
0.0534058
0.0517412
0.0109586
-0.0539606
-0.0757391
-0.0228882
0.0514637
0.0729648
0.0309337
-0.00860041
0.0059648
0.031766
0.0116522
-0.0138716
0.0147039
0.0650579
0.0812877
0.0645031
0.0367598
0.0153975
0.0152588
0.0321822
0.0497991
0.0473022
0.017617
-0.00638095
0.00998757
0.0467474
0.0546542
0.0191428
-0.0206687
-0.0221946
0.0133168
0.0475797
0.0431408
0.012207
0.0105424
0.0479958
0.0693581
0.0540993
0.0330145
0.0144265
-0.00277433
0.00651966
0.0378695
0.0482733
0.0256625
-0.00610352
-0.0221946
-0.00457764
0.0328758
0.049383
0.0418923
0.0341242
0.02053
0.00277433
0.00638095
0.0342629
0.0514637
0.0342629
0.0246915
0.0622836
0.0886397
0.052296
0.00471635
-0.00735196
0.00180331
0.012207
0.0106812
0.000138716
0.00707453
0.0280207
0.0312112
0.0253851
0.0348178
0.0434182
0.0403664
0.0424472
0.0467474
0.0470248
0.0574285
0.0578447
0.0281594
0.0162298
0.0416149
0.0435569
0.00527122
-0.0223333
-0.0249689
-0.0223333
-0.00957142
0.023443
0.0585383
0.0706066
0.0583995
0.0237205
-0.0314886
-0.0707453
-0.056735
-0.00346791
0.0511863
0.0837846
0.0848944
0.0570124
0.0172008
-0.0134555
-0.0152588
0.0147039
0.0395341
0.0305176
0.00471635
-0.0119296
0.0016646
0.0460538
0.0729648
0.0414762
-0.0187267
-0.0482733
-0.0334306
-0.00221946
0.0141491
0.00443892
-0.012207
-0.0147039
-0.00180331
0.0301014
0.0722712
0.0891946
0.0707453
0.0434182
0.0192816
-0.00471635
-0.0148426
0.00305176
0.0221946
0.0138716
0.00749068
0.022472
0.0245528
0.0220559
0.0499379
0.0607577
0.0159524
-0.0153975
0.013178
0.0452215
0.0413374
0.0335693
0.0341242
0.0145652
-0.0151201
-0.0178944
-0.00263561
0.00332919
0.00582608
0.00832298
0.00568737
0.00943271
0.0177557
0.0151201
0.00818426
-0.00110973
-0.0129006
-0.00665838
0.00998757
0.00416149
-0.0135942
-0.0187267
-0.0160911
0.00235818
0.0421697
0.060619
0.0335693
0.00124845
-0.000277433
0.0141491
0.0170621
0.0124845
0.0148426
0.0219172
0.0246915
0.0159524
0.000277433
-0.00277433
0.0167847
0.051325
0.0828136
0.0847556
0.0611739
0.042031
0.027882
0.0203913
0.0374534
0.0441118
0.0115134
-0.00971014
-0.00152588
-0.00804554
-0.016646
0.00527122
0.0181718
-0.00360662
-0.0219172
-0.0277433
-0.0378695
-0.0325983
-0.00249689
0.00998757
-0.0124845
-0.0192816
0.0188654
0.0499379
0.0263561
-0.0137329
-0.018588
-0.000554865
0.00762939
0.00249689
-0.0126232
-0.0380083
-0.0568737
-0.0436956
-0.00721325
0.0196977
0.0338468
0.0521573
0.0578447
0.0296853
0.00332919
0.0123457
0.0209462
0.000971014
-0.0149814
-0.010265
-0.00235818
0.0142878
0.0488281
0.0668612
0.0482733
0.0320435
0.0377308
0.0356501
0.0237205
0.0260787
0.0342629
0.0309337
0.029824
0.0348178
0.0135942
-0.0259399
-0.0223333
0.0153975
0.0191428
-0.00471635
-0.0110973
-0.012207
-0.0184493
-0.00471635
0.02053
0.0305176
0.0291304
0.0202526
0.00360662
-0.00263561
-0.00180331
-0.0212236
-0.0459151
-0.0359275
-0.00610352
-0.00402277
-0.0350952
-0.0564575
-0.0378695
-0.000277433
0.0221946
0.0258012
0.0142878
-0.00152588
-0.00124845
0.00873912
0.0180331
0.0356501
0.040089
0.0067971
-0.0115134
0.0348178
0.0891946
0.078236
0.0172008
-0.0319047
-0.0301014
0.00721325
0.021501
-0.0151201
-0.057706
-0.0547929
-0.0178944
0.00665838
0.00568737
-0.00457764
-0.0213623
-0.0395341
-0.0303789
-0.00138716
-0.000832298
-0.0299627
-0.0396729
-0.00624223
0.0428633
0.0721325
0.0814264
0.0839233
0.0622836
0.0208074
0.00915527
0.0226108
0.00485507
-0.0241366
-0.000832298
0.0454989
0.0370372
-0.0192816
-0.0486894
-0.0184493
0.0284368
0.0373147
0.0110973
-0.0159524
-0.0267722
-0.00194203
0.0588157
0.0900269
0.0514637
0.00221946
-0.00707453
-0.00485507
-0.00374534
0.0213623
0.0496604
0.0460538
0.0259399
0.0149814
0.0219172
0.0341242
0.0194203
-0.0187267
-0.0331532
-0.0123457
0.00540993
0.00277433
0.0101263
0.0380083
0.039118
0.00443892
-0.00416149
0.0210849
0.0277433
0.0155362
0.0110973
0.0115134
0.0113747
0.00818426
0.0148426
0.0524347
0.0814264
0.0509089
0.00804554
0.0043002
0.00568737
-0.00873912
-0.00860041
0.0105424
0.023443
0.0206687
0.010265
0.0116522
0.037176
0.0603416
0.0495217
0.0289917
0.0491056
0.0912753
0.0857267
0.0402277
0.0262174
0.0485507
0.0585383
0.0384244
-0.00610352
-0.0459151
-0.0299627
0.0292691
0.0509089
0.0227495
0.0101263
0.023443
0.021501
0.0016646
-0.0158137
-0.0198364
-0.00346791
0.0140103
0.00901656
0.000832298
0.0187267
0.042031
0.0301014
-0.00471635
-0.0141491
0.00110973
0.00374534
-0.00416149
-0.00221946
0.00624223
0.0148426
0.0209462
0.0191428
0.0104037
0.00374534
0.0144265
0.0384244
0.0403664
0.00735196
-0.0180331
-0.00138716
0.0301014
0.0334306
0.00804554
-0.0212236
-0.0316273
-0.00818426
0.0245528
0.0227495
0.00416149
0.0158137
0.0345403
0.0142878
-0.0233043
-0.0328758
-0.00568737
0.0405051
0.0640869
0.031766
-0.0173395
-0.0221946
0
0.00416149
0.0051325
0.0202526
0.0253851
0.0267722
0.0446666
0.0435569
0.0067971
-0.0173395
-0.000138716
0.0338468
0.059648
0.071855
0.0568737
0.0208074
0.010265
0.026911
0.0223333
-0.00457764
-0.0219172
-0.0331532
-0.0464699
-0.0424472
-0.0173395
-0.00110973
-0.00180331
0.0137329
0.0639482
0.111528
0.102234
0.0328758
-0.0310724
-0.0244141
0.0271884
0.0459151
0.0302401
0.0352339
0.0428633
-0.00499379
-0.0590931
-0.0309337
0.0301014
0.0212236
-0.0271884
-0.0242753
0.0201139
0.038147
0.0184493
-0.00790683
-0.0223333
-0.0271884
-0.0270497
-0.0158137
0.00138716
0.00291304
0.00319047
0.0359275
0.0740745
0.0707453
0.0409213
0.023443
0.0289917
0.0488281
0.0645031
0.0610352
0.0442505
0.0305176
0.0248302
0.017617
-0.000832298
-0.0184493
-0.00776811
0.0302401
0.0631159
0.0701904
0.051325
0.0194203
0.00457764
0.0177557
0.0248302
0.00638095
-0.00846169
0.0144265
0.0674161
0.0982111
0.0701904
0.0239979
0.0223333
0.0525735
0.060619
0.0421697
0.0219172
-0.00194203
-0.0138716
0.0208074
0.0645031
0.0525735
0.0199751
0.0180331
0.0116522
-0.0115134
-0.00693581
0.0190041
0.0287143
0.0342629
0.0540993
0.0599254
0.0305176
-0.00873912
-0.0228882
-0.00291304
0.0312112
0.0431408
0.0180331
-0.0177557
-0.0335693
-0.0251076
0.00249689
0.0306563
0.0303789
0.00901656
-0.00776811
-0.0177557
-0.0113747
0.019559
0.0387018
0.0230269
0.0169234
0.0439731
0.0507702
0.00887784
-0.039118
-0.0491056
-0.00665838
0.0549316
0.0674161
0.0248302
-0.00651966
0.0051325
0.0339855
0.0489668
0.0389793
0.022472
0.0134555
-0.00776811
-0.0446666
-0.0604803
-0.0264948
0.0316273
0.0473022
0.00332919
-0.0362049
-0.026911
0.0110973
0.0509089
0.0710227
0.0477184
-0.00915527
-0.0452215
-0.0178944
0.0338468
0.0449441
0.0284368
0.0199751
0.00332919
-0.0194203
-0.0105424
0.0181718
0.0187267
0.00277433
0.0190041
0.0629772
0.083091
0.0500766
-0.000138716
-0.0115134
0.00860041
0.0173395
0.013178
0.0115134
0.00249689
-0.019559
-0.031766
-0.0227495
-0.00582608
0.0117909
0.019559
-0.000416149
-0.0266335
-0.0273271
-0.0221946
-0.0296853
-0.0295466
-0.0221946
-0.0223333
-0.0158137
0.00152588
0.00860041
0.00957142
0.0178944
0.0208074
0.0160911
0.0181718
0.0152588
-0.0109586
-0.0362049
-0.0147039
0.0477184
0.0789296
0.0393954
-0.0163685
-0.0263561
-0.0133168
-0.0153975
0.00235818
0.0553478
0.060619
-0.0253851
-0.0998757
-0.0700517
0.0106812
0.0448054
0.0145652
-0.0199751
0.0016646
0.0611739
0.0862815
0.0528509
0.010265
0.0120683
0.0432795
0.0424472
-0.00277433
-0.038147
-0.0353726
-0.0316273
-0.0534058
-0.0607577
-0.0138716
0.0352339
0.016646
-0.023443
0.00180331
0.0620062
0.070884
0.0267722
-0.0067971
-0.00346791
0.0159524
0.039118
0.0527122
0.0345403
0.0180331
0.0395341
0.0435569
0.00998757
0.0192816
0.0696356
0.0736583
0.030795
-0.00790683
-0.0253851
-0.00790683
0.0306563
0.0364824
0.000832298
-0.029824
-0.0337081
-0.0208074
0.00790683
0.0414762
0.0570124
0.0521573
0.0313499
0.000693581
-0.00790683
0.0260787
0.0600641
0.0477184
0.0116522
-0.00860041
-0.00693581
0.0113747
0.0274658
0.0206687
0.00651966
0.00735196
0.0190041
0.0264948
0.0190041
0.00443892
0.00402277
0.0158137
0.0246915
0.0294078
0.022472
0.00124845
-0.00402277
0.0191428
0.0295466
0.00776811
-0.0059648
0.0159524
0.050354
0.0640869
0.0463312
0.0138716
-0.00263561
0.0119296
0.0461925
0.0732422
0.0668612
0.0285756
-0.00860041
-0.0167847
-0.00638095
-0.00457764
-0.0137329
-0.0253851
-0.0380083
-0.0332919
0.000277433
0.0337081
0.0335693
0.000693581
-0.0330145
-0.0414762
-0.0294078
-0.0147039
0.00221946
0.0241366
0.0339855
0.0153975
-0.018588
-0.0320435
-0.0059648
0.0357888
0.0549316
0.0398116
0.00998757
0.0043002
0.0312112
0.0406439
0.00624223
-0.0235818
-0.0151201
0.00388406
0.0130393
0.0241366
0.0339855
0.0284368
0.0209462
0.0202526
0.000832298
-0.0292691
-0.0180331
0.0294078
0.0471635
0.011236
-0.042031
-0.0585383
-0.00873912
0.0646418
0.0843395
0.0360662
-0.0190041
-0.0244141
0.00457764
0.0165072
0.000277433
-0.013178
-0.00360662
0.00443892
-0.0153975
-0.0267722
0.00471635
0.0296853
0.0051325
-0.0244141
-0.0153975
0.0209462
0.0678323
0.101402
0.0754616
-0.000138716
-0.0528509
-0.067
-0.0714389
-0.0416149
0.0238592
0.0479958
0.00651966
-0.0392567
-0.0495217
-0.0332919
-0.00873912
0.00124845
-0.011236
-0.0233043
-0.0180331
-0.00208074
0.00984885
0.00762939
0
0.0067971
0.0319047
0.053267
0.0521573
0.0456377
0.0528509
0.0636708
0.0638095
0.0539606
0.031766
-0.00554865
-0.0434182
-0.0463312
0.00110973
0.0511863
0.0540993
0.0259399
0.00610352
0.00749068
0.02053
0.0256625
0.0148426
0.00152588
-0.00846169
-0.0188654
-0.028853
-0.037176
-0.0245528
0.0270497
0.0771262
0.0742132
0.0411987
0.0266335
0.027882
0.017617
-0.00582608
-0.0217785
-0.0221946
-0.0203913
-0.0174782
0.00110973
0.0341242
0.0585383
0.053267
0.0294078
0.00749068
-0.0198364
-0.0399503
-0.0174782
0.0216397
0.0192816
-0.0170621
-0.0413374
-0.0331532
-0.00388406
0.0110973
-0.00374534
-0.0191428
-0.0162298
-0.000971014
0.0246915
0.0353726
0.00971014
-0.0130393
-0.00457764
0.0115134
0.0287143
0.0428633
0.028853
-0.00443892
-0.0201139
-0.0067971
0.0209462
0.0382857
0.0216397
-0.0148426
-0.0270497
-0.00776811
0.00804554
0.00638095
-0.00582608
-0.0291304
-0.0403664
-0.0115134
0.0216397
0.0184493
-0.00110973
-0.0203913
-0.0428633
-0.050354
-0.0312112
-0.00208074
0.0134555
-0.00374534
-0.0364824
-0.039118
-0.00402277
0.0242753
0.0134555
-0.0119296
-0.0117909
0.00749068
0.00832298
-0.000416149
0.0238592
0.0574285
0.0409213
0.00124845
0.00915527
0.0425859
0.0230269
-0.0330145
-0.0375921
0.0127619
0.047441
0.050354
0.0542381
0.0575672
0.0352339
0.0153975
0.0441118
0.0857267
0.0654741
-0.00291304
-0.0366211
-0.0144265
0.00582608
-0.00707453
-0.0181718
-0.00832298
0.0043002
0.0148426
0.021501
0.0135942
0.00527122
0.0130393
0.019559
0.0153975
0.0183105
0.0246915
0.0201139
0.0252464
0.0448054
0.0413374
0.00693581
-0.0209462
-0.0217785
-0.011236
-0.00721325
0.00346791
0.0538219
0.120683
0.119019
0.0406439
-0.0220559
-0.0276045
-0.00582608
0.0320435
0.0693581
0.0661677
0.0299627
0.0134555
0.0294078
0.0380083
0.0126232
-0.0160911
0
0.0362049
0.0253851
-0.0119296
-0.00846169
0.0174782
0.0162298
-0.0067971
-0.0345403
-0.049383
-0.0227495
0.0220559
0.0206687
-0.0310724
-0.0631159
-0.0389793
0.00554865
0.0357888
0.0417536
0.0249689
0.0199751
0.0507702
0.0711614
0.0457764
0.0156749
0.0151201
0.0226108
0.0167847
-0.00374534
-0.0162298
0.0059648
0.0393954
0.047441
0.0457764
0.0488281
0.0339855
0.0137329
0.0244141
0.0331532
-0.00208074
-0.0296853
-0.00277433
0.0259399
0.0144265
0.00554865
0.0305176
0.0600641
0.0636708
0.040089
0.00360662
-0.00790683
0.0324596
0.0671387
0.031766
-0.019559
-0.0142878
0.0133168
0.0209462
0.0259399
0.0323209
0.0263561
0.0180331
0.0169234
0.0271884
0.0477184
0.0499379
0.0183105
-0.0108199
-0.0203913
-0.0223333
0.0137329
0.0907204
0.117493
0.0529896
-0.0113747
0.00152588
0.0460538
0.0460538
0.00804554
-0.0209462
-0.0262174
-0.0119296
0.0159524
0.0413374
0.0450828
0.026911
0.000138716
-0.0246915
-0.0353726
-0.0196977
0.00152588
0.000277433
-0.00332919
0.0169234
0.0396729
0.0424472
0.0387018
0.0344016
0.023443
0.0201139
0.0370372
0.0524347
0.0402277
0.0167847
0.0191428
0.0418923
0.049383
0.0262174
-0.0184493
-0.0446666
-0.0188654
0.0135942
0
-0.00554865
0.0460538
0.0797619
0.0345403
-0.0158137
-0.00374534
0.0310724
0.0432795
0.038147
0.0258012
0.0113747
0.00846169
0.0192816
0.0217785
0.0134555
0.0163685
0.026911
0.0292691
0.023443
0.0101263
-0.00263561
0.00929399
0.0463312
0.0683871
0.0446666
-0.00235818
-0.0220559
-0.00388406
0.00735196
-0.00846169
-0.00846169
0.0259399
0.0467474
0.0276045
0.00929399
0.0181718
0.0233043
0.0155362
0.0341242
0.0714389
0.0645031
0.00471635
-0.0514637
-0.0633933
-0.0330145
0.00901656
0.021501
-0.00249689
-0.0178944
0.00263561
0.0251076
0.0134555
-0.0145652
-0.0238592
-0.0163685
-0.0105424
-0.00624223
-0.00749068
-0.0163685
-0.00651966
0.0281594
0.0446666
0.0299627
0.0220559
0.0301014
0.028853
0.0130393
-0.00402277
-0.00457764
0.0194203
0.0463312
0.048412
0.0289917
0.0155362
0.018588
0.023443
0.0227495
0.0198364
0.0148426
0.0244141
0.059648
0.0932173
0.0961304
0.0610352
-0.00152588
-0.0485507
-0.047441
-0.0190041
0.00749068
0.0259399
0.0256625
-0.00471635
-0.0436956
-0.0409213
0.0217785
0.0900269
0.0965465
0.0531283
0.0226108
0.0208074
0.0117909
-0.00457764
0.00873912
0.0374534
0.0350952
0.013178
0.00582608
-0.00277433
-0.0403664
-0.0837846
-0.0873912
-0.0387018
0.0316273
0.0735196
0.0535445
-0.00998757
-0.052296
-0.0332919
0.00374534
0.00818426
0.00665838
0.0259399
0.0363437
0.0292691
0.0271884
0.0145652
-0.0262174
-0.0467474
-0.00388406
0.0561801
0.0651966
0.0295466
0.0120683
0.0353726
0.0464699
0.0117909
-0.0156749
0.00818426
0.0446666
0.0499379
0.031766
0.00485507
-0.021501
-0.0301014
-0.0165072
0.000416149
-0.00374534
-0.0306563
-0.0350952
0.0147039
0.071855
0.0829523
0.0545155
0.018588
-0.00277433
-0.0155362
-0.038147
-0.0559027
-0.0388406
0.00762939
0.051325
0.0664451
0.043002
-0.00443892
-0.0335693
-0.0165072
0.0219172
0.0421697
0.0342629
0.0151201
0.00915527
0.019559
0.0280207
0.0259399
0.0208074
0.0249689
0.0414762
0.0464699
0.0156749
-0.0156749
0.00749068
0.0604803
0.0915527
0.156888
0.377447
0.769182
1.19948
1.5188
1.69553
1.79027
1.83855
1.84673
1.85145
1.87766
1.89847
1.90471
1.93523
1.99779
2.02817
1.98073
1.92344
1.9455
2.00445
2.00029
1.95049
1.94896
2.00237
2.034
2.00736
1.9688
1.97601
2.01569
2.02387
1.9921
1.96214
1.943
1.94147
1.98267
2.04357
2.06562
2.03899
2.01263
2.02026
2.03261
2.0168
2.00181
2.01402
2.03094
2.05064
2.08837
2.11584
2.11154
2.09129
2.05813
2.01069
1.97754
1.97685
1.99627
2.02484
2.06021
2.09212
2.10211
2.07977
2.04579
2.03122
2.03469
2.02664
1.99973
1.99197
2.03192
2.08962
2.11085
2.07311
2.01527
2.00917
2.05799
2.08435
2.0573
2.02401
2.0204
2.03885
2.05702
2.05869
2.0358
2.00237
1.99321
2.01485
2.03469
2.04828
2.07478
2.08407
2.04024
1.98586
1.98198
2.01943
2.05272
2.0684
2.077
2.07103
2.04828
2.03733
2.04704
2.05356
2.05106
2.05772
2.07048
2.06299
2.02664
1.99016
1.98919
2.01888
2.03816
2.03108
2.01749
2.02498
2.06979
2.11764
2.10641
2.04149
2.00084
2.02456
2.07034
2.09198
2.08948
2.07436
2.06673
2.08033
2.08227
2.05536
2.04509
2.06951
2.07852
2.04606
2.01846
2.02664
2.03594
2.03316
2.05397
2.08934
2.08158
2.0426
2.0469
2.08282
2.07686
2.04731
2.04551
2.04246
2.01693
2.00792
2.03094
2.05147
2.03566
1.99654
1.98572
2.0254
2.07714
2.09614
2.08407
2.06354
2.04898
2.053
2.06604
2.06313
2.04523
2.03677
2.06188
2.10308
2.10738
2.06216
2.00903
1.98836
2.01291
2.06091
2.08851
2.0684
2.02248
2.00528
2.04842
2.10016
2.0795
2.01666
2.00209
2.0315
2.06132
2.09628
2.12777
2.13179
2.10724
2.05994
2.01888
2.00736
1.99959
2.00556
2.0591
2.09697
2.05258
1.99654
2.01333
2.06562
2.07866
2.05536
2.04898
2.06992
2.07547
2.04815
2.03025
2.05591
2.08685
2.07894
2.05716
2.05009
2.04509
2.04024
2.04676
2.06521
2.09489
2.12638
2.13151
2.09323
2.04052
2.01652
2.02401
2.03996
2.05883
2.08116
2.09656
2.10405
2.10904
2.10294
2.07464
2.04385
2.03816
2.05189
2.07006
2.09018
2.09087
2.05605
2.02276
2.03192
2.06895
2.08934
2.07783
2.06937
2.09448
2.13082
2.13401
2.09087
2.03927
2.02498
2.04093
2.05425
2.05841
2.05924
2.05827
2.06105
2.06895
2.07575
2.0752
2.06812
2.06937
2.08019
2.07325
2.05217
2.05744
2.08491
2.08893
2.06798
2.06923
2.1053
2.12486
2.09462
2.06576
2.09364
2.1433
2.13193
2.05647
2.00778
2.03025
2.07547
2.10987
2.12527
2.096
2.03857
2.02692
2.07228
2.09475
2.072
2.05966
2.06507
2.06854
2.09212
2.12527
2.12305
2.09697
2.07936
2.06715
2.06937
2.10072
2.12416
2.0924
2.03205
2.01652
2.06535
2.12416
2.13235
2.09267
2.04412
1.99738
1.96714
1.9921
2.04717
2.06105
2.04121
2.04218
2.06784
2.0924
2.08934
2.05439
2.03233
2.05633
2.09351
2.09739
2.06743
2.04246
2.05134
2.07464
2.06535
2.02456
2.01638
2.07506
2.14899
2.17687
2.15204
2.09614
2.04704
2.04745
2.09032
2.1114
2.072
2.01763
2.01097
2.04301
2.07242
2.0967
2.12721
2.1422
2.12319
2.09267
2.07728
2.0788
2.08005
2.07034
2.06243
2.06535
2.07214
2.08102
2.09462
2.09517
2.06798
2.03691
2.03525
2.06354
2.09614
2.10641
2.09184
2.08282
2.09531
2.09892
2.08269
2.08033
2.09129
2.08088
2.05883
2.0598
2.06812
2.04856
2.02553
2.04426
2.08796
2.1132
2.10918
2.07963
2.04773
2.05037
2.07741
2.09378
2.08962
2.06507
2.04301
2.04579
2.0419
2.01596
2.01416
2.04274
2.05952
2.06299
2.06881
2.06091
2.04107
2.04218
2.06493
2.08962
2.12111
2.14261
2.11903
2.06979
2.03094
2.01236
2.02651
2.06188
2.077
2.06743
2.05883
2.06646
2.08657
2.08588
2.04426
2.01055
2.03733
2.09267
2.10765
2.06549
2.01069
1.99793
2.03122
2.05994
2.05009
2.03136
2.04287
2.0677
2.07117
2.07409
2.10932
2.13637
2.10876
2.06881
2.06549
2.06604
2.0419
2.03802
2.07533
2.09351
2.06854
2.0591
2.09059
2.10904
2.0838
2.06549
2.09794
2.14192
2.12818
2.05328
1.99474
2.01638
2.08574
2.12416
2.1132
2.09115
2.0709
2.04149
2.02248
2.04412
2.08685
2.09697
2.06951
2.04842
2.03955
2.02234
2.0186
2.04315
2.06493
2.06562
2.06465
2.08171
2.11168
2.13845
2.13984
2.09753
2.04482
2.04482
2.08602
2.1089
2.10433
2.09253
2.07811
2.0634
2.06229
2.08061
2.09586
2.08782
2.0702
2.06008
2.05675
2.05189
2.04398
2.04787
2.07631
2.10876
2.11737
2.11112
2.10904
2.09295
2.04579
1.99973
1.99266
2.01361
2.03289
2.05411
2.08421
2.09642
2.06923
2.02512
2.01693
2.07117
2.139
2.14941
2.10016
2.04315
2.02387
2.05716
2.10294
2.09573
2.0426
2.01305
2.02165
2.0383
2.06063
2.07145
2.03441
1.98184
1.97948
2.01458
2.0297
2.02609
2.04315
2.07797
2.09226
2.07339
2.04079
2.01624
2.02276
2.06687
2.10738
2.0942
2.03871
2.00223
2.00889
2.02886
2.04912
2.07298
2.08282
2.07353
2.0573
2.03344
2.01444
2.02664
2.06008
2.07658
2.07395
2.09143
2.13332
2.14247
2.08463
2.01638
2.00598
2.04163
2.07728
2.101
2.10585
2.07506
2.04482
2.07034
2.10793
2.08921
2.06576
2.08671
2.08185
2.02748
2.01416
2.06854
2.09975
2.05494
1.99585
2.00181
2.06438
2.10419
2.08185
2.04274
2.03372
2.04773
2.05897
2.05827
2.05591
2.053
2.03303
2.01028
2.02026
2.05217
2.06077
2.0358
2.0143
2.03067
2.07464
2.10696
2.10557
2.07894
2.0426
2.02137
2.04371
2.08948
2.09919
2.07187
2.0616
2.07755
2.08629
2.07506
2.04773
2.01458
2.00098
2.01707
2.04287
2.05883
2.06229
2.07284
2.10349
2.13013
2.13373
2.11764
2.08158
2.03927
2.02526
2.03996
2.04149
2.02096
2.01707
2.0419
2.06646
2.07589
2.06923
2.0444
2.02456
2.04329
2.09212
2.12042
2.09781
2.05744
2.04426
2.04745
2.04648
2.05203
2.06562
2.0752
2.08144
2.08976
2.10003
2.09794
2.06313
2.01527
2.00806
2.03996
2.05564
2.04468
2.04024
2.05258
2.077
2.11168
2.1304
2.09115
2.01985
2.00209
2.03386
2.03566
2.02068
2.0419
2.06784
2.06285
2.05536
2.07228
2.09642
2.10238
2.09406
2.08282
2.05869
2.01846
1.9964
2.02498
2.07561
2.08366
2.04065
2.01083
2.03372
2.07533
2.09628
2.09323
2.07672
2.06479
2.06146
2.05411
2.04676
2.04981
2.0555
2.0677
2.10835
2.15843
2.16231
2.11931
2.08823
2.0899
2.07908
2.03316
2.00611
2.03622
2.07769
2.0813
2.06243
2.05869
2.07644
2.10335
2.12721
2.13013
2.11515
2.10502
2.08685
2.03996
1.99765
2.00057
2.04204
2.08893
2.10419
2.07922
2.06784
2.10641
2.13346
2.09462
2.03497
2.00944
2.01874
2.05272
2.08962
2.08393
2.03594
2.01028
2.03219
2.06174
2.07464
2.07311
2.0598
2.0512
2.07228
2.12069
2.15385
2.1329
2.07755
2.0512
2.07755
2.09018
2.03358
1.98253
2.02179
2.09392
2.10974
2.08255
2.06188
2.05758
2.06715
2.08435
2.08074
2.04565
2.01361
2.00639
2.00764
2.0143
2.03164
2.03733
2.0247
2.03108
2.05924
2.0641
2.04745
2.05633
2.09781
2.12916
2.11487
2.07783
2.0727
2.09559
2.09475
2.06798
2.05855
2.07783
2.10391
2.11154
2.09198
2.072
2.08227
2.09975
2.08296
2.05286
2.04634
2.03289
1.99335
1.97546
1.99571
2.01707
2.02581
2.03455
2.04828
2.05772
2.053
2.03899
2.02664
2.03497
2.08116
2.12832
2.11487
2.05161
2.01083
2.02581
2.053
2.04967
2.034
2.04565
2.08477
2.11348
2.11071
2.09059
2.07034
2.06132
2.06438
2.06604
2.06618
2.07769
2.08602
2.06035
2.02429
2.03552
2.07006
2.06021
2.03525
2.05578
2.08324
2.06937
2.05799
2.09392
2.13623
2.12902
2.08768
2.05827
2.04704
2.05369
2.08199
2.09961
2.08851
2.08255
2.08893
2.08366
2.07228
2.05938
2.03746
2.02651
2.04246
2.05758
2.05092
2.04357
2.05647
2.07547
2.07187
2.04593
2.02609
2.02456
2.03968
2.06826
2.08976
2.09489
2.09295
2.07852
2.06049
2.06493
2.07367
2.05425
2.02498
2.02332
2.05411
2.08546
2.08477
2.04884
2.00043
1.98101
2.02373
2.09156
2.1046
2.05467
2.01874
2.03941
2.07256
2.07478
2.06354
2.06299
2.06701
2.07325
2.08088
2.07506
2.06659
2.0745
2.08185
2.07894
2.08269
2.09475
2.10516
2.10544
2.08671
2.06909
2.08282
2.10765
2.10876
2.10627
2.12777
2.13942
2.09822
2.03746
2.02248
2.04274
2.0401
2.01361
2.00639
2.03289
2.06576
2.07561
2.06784
2.05425
2.02151
1.98905
2.01055
2.06632
2.08158
2.05938
2.05245
2.05467
2.03483
2.00459
1.9989
2.03414
2.07991
2.08477
2.05203
2.02956
2.03067
2.03733
2.03275
2.00667
1.99099
2.03289
2.09975
2.12167
2.10765
2.09323
2.05897
2.00639
1.98128
1.98947
2.0039
2.02068
2.04357
2.06257
2.07589
2.09586
2.11889
2.11695
2.08615
2.06673
2.07131
2.06479
2.0555
2.07963
2.10696
2.09337
2.05716
2.03816
2.05633
2.10211
2.12472
2.09475
2.06063
2.06424
2.08255
2.08491
2.05619
2.00265
1.97671
2.01846
2.09614
2.15024
2.15329
2.11653
2.0684
2.03067
2.0186
2.0426
2.08823
2.10863
2.07506
2.03025
2.03871
2.08754
2.11112
2.09892
2.09281
2.09836
2.09129
2.07381
2.06146
2.06188
2.06701
2.06451
2.0702
2.08477
2.08074
2.06951
2.06965
2.05938
2.04218
2.05883
2.10141
2.11001
2.07533
2.04717
2.0358
2.02193
2.0254
2.0634
2.10224
2.10627
2.0856
2.07034
2.06021
2.03982
2.03414
2.07963
2.14539
2.16328
2.1225
2.06354
2.01222
1.9885
2.02873
2.11528
2.16342
2.13817
2.08962
2.05702
2.03427
2.01971
2.03233
2.07006
2.09059
2.07811
2.07325
2.0831
2.072
2.05147
2.05813
2.08324
2.10557
2.12056
2.11057
2.06729
2.03039
2.0401
2.08074
2.10169
2.07339
2.02137
1.99502
2.00639
2.03358
2.06229
2.08546
2.09697
2.10516
2.10863
2.0838
2.03649
2.01999
2.05397
2.08435
2.07325
2.05675
2.06992
2.0881
2.08934
2.09489
2.09933
2.07048
2.03205
2.03205
2.05189
2.05064
2.03594
2.03455
2.04981
2.06229
2.05453
2.04315
2.05078
2.05994
2.04815
2.0297
2.02581
2.03622
2.05564
2.07561
2.07339
2.05078
2.04593
2.07173
2.09989
2.11209
2.11293
2.10974
2.10668
2.09878
2.06992
2.02401
1.99432
1.99557
2.01513
2.05147
2.09656
2.11154
2.09143
2.077
2.0795
2.07631
2.0659
2.06576
2.07117
2.04939
2.00181
1.98642
2.0297
2.07977
2.08782
2.07048
2.0634
2.07631
2.09573
2.09503
2.07478
2.07145
2.07991
2.07062
2.06826
2.08962
2.08907
2.05453
2.03885
2.05342
2.04926
2.02332
2.01763
2.01943
2.00334
2.01028
2.05411
2.08324
2.08421
2.08074
2.07173
2.06479
2.08158
2.11154
2.11931
2.08255
2.01832
1.99197
2.03955
2.09281
2.08491
2.05841
2.06951
2.08477
2.06299
2.05023
2.09697
2.1483
2.13027
2.07741
2.05661
2.05994
2.06895
2.10252
2.14289
2.14178
2.10474
2.06868
2.0358
2.01041
2.02817
2.07325
2.08074
2.05328
2.04121
2.05023
2.06521
2.07436
2.06743
2.06493
2.08463
2.09309
2.06382
2.03205
2.04468
2.08213
2.08074
2.04301
2.03691
2.05827
2.04065
2.00917
2.03968
2.09489
2.09933
2.09059
2.11653
2.13249
2.11362
2.09184
2.07381
2.05966
2.05897
2.0616
2.06299
2.07117
2.0831
2.09198
2.09101
2.08671
2.09725
2.11071
2.09267
2.0469
2.02082
2.0419
2.08532
2.10266
2.06646
2.02401
2.04717
2.10641
2.11945
2.0924
2.09489
2.12555
2.11334
2.05258
2.02096
2.0512
2.08893
2.08296
2.05009
2.02248
1.99696
1.98975
2.02845
2.06535
2.04232
2.00653
2.02595
2.07478
2.08588
2.0591
2.05258
2.07977
2.10058
2.1028
2.09115
2.05841
2.03247
2.0555
2.10876
2.13554
2.11792
2.08893
2.07547
2.07173
2.07103
2.0677
2.04662
2.01347
2.01055
2.04731
2.0745
2.0684
2.06868
2.09836
2.10904
2.06146
2.00986
2.01555
2.05092
2.06493
2.0555
2.0487
2.05342
2.05841
2.0616
2.07464
2.09767
2.1114
2.09406
2.04898
2.01763
2.02831
2.04967
2.05522
2.07006
2.09475
2.09392
2.06826
2.04815
2.04065
2.03192
2.02595
2.03275
2.03552
2.02553
2.01929
2.0247
2.04606
2.0752
2.07131
2.03372
2.01763
2.04079
2.07339
2.08726
2.07797
2.06299
2.05134
2.04593
2.05245
2.05356
2.03941
2.03927
2.06438
2.08241
2.07755
2.06424
2.04648
2.03094
2.04163
2.077
2.10488
2.09989
2.06535
2.03719
2.04065
2.04676
2.03427
2.03164
2.04426
2.0401
2.02664
2.03913
2.06202
2.05869
2.0444
2.04939
2.06146
2.06188
2.06091
2.06909
2.07963
2.09337
2.11057
2.10863
2.08324
2.06729
2.07159
2.06951
2.05078
2.02928
2.0204
2.03996
2.07977
2.09045
2.053
2.02456
2.03996
2.05675
2.05175
2.05161
2.05924
2.05702
2.05897
2.06757
2.0505
2.02248
2.03136
2.0616
2.08199
2.09739
2.08699
2.0376
1.99849
2.00598
2.03982
2.07686
2.09905
2.08657
2.04828
2.02318
2.03081
2.05286
2.07048
2.07714
2.07339
2.0709
2.06868
2.04579
2.01791
2.03011
2.05855
2.04065
1.99405
1.98101
2.01818
2.07117
2.08893
2.06507
2.04274
2.04509
2.06382
2.09517
2.11501
2.09032
2.04967
2.03635
2.03608
2.03622
2.04926
2.05439
2.02609
1.99987
2.01902
2.05675
2.06035
2.03649
2.03372
2.06479
2.10016
2.11542
2.10876
2.08407
2.05023
2.03427
2.05134
2.0709
2.0548
2.02706
2.04496
2.08699
2.08435
2.06854
2.1003
2.11723
2.06216
2.01361
2.03316
2.07311
2.08255
2.06479
2.05869
2.09032
2.12167
2.10641
2.07103
2.06202
2.06604
2.04787
2.01707
2.00653
2.01777
2.02914
2.03414
2.03691
2.04329
2.05231
2.04856
2.03941
2.05078
2.06604
2.05799
2.0383
2.0186
2.00792
2.02706
2.05203
2.03871
2.0143
2.0272
2.06618
2.10003
2.11237
2.09448
2.07131
2.07991
2.09489
2.07603
2.05258
2.05106
2.03039
1.97671
1.95618
2.00473
2.06604
2.07644
2.04593
2.03483
2.06368
2.07922
2.04926
2.02984
2.05578
2.06757
2.04107
2.02942
2.04565
2.06146
2.07325
2.08047
2.07117
2.04939
2.02789
2.0161
2.0211
2.04468
2.08893
2.14344
2.15856
2.10141
2.03469
2.03247
2.05799
2.0573
2.05924
2.06243
2.01638
1.96561
1.99849
2.08629
2.13928
2.14289
2.12402
2.08463
2.04065
2.02581
2.03788
2.06021
2.08102
2.07325
2.04593
2.05591
2.10488
2.12486
2.09337
2.06521
2.07159
2.07714
2.05383
2.03316
2.05744
2.10169
2.09545
2.03372
1.99696
2.03136
2.09143
2.10821
2.07866
2.06105
2.07658
2.09059
2.08782
2.08158
2.08088
2.08921
2.0985
2.09087
2.0702
2.05578
2.0512
2.05106
2.05342
2.04926
2.03316
2.01541
2.00875
2.02096
2.05286
2.08629
2.09808
2.09545
2.09337
2.08158
2.05883
2.04801
2.04981
2.0505
2.06923
2.11279
2.13651
2.12444
2.10682
2.08449
2.05536
2.05772
2.09822
2.11903
2.09087
2.05383
2.03955
2.04468
2.05869
2.05855
2.04232
2.0616
2.12208
2.14109
2.09781
2.07395
2.09253
2.09781
2.07103
2.03955
2.03955
2.07617
2.09517
2.05966
2.02567
2.05425
2.11029
2.1218
2.0874
2.05328
2.03691
2.03719
2.05938
2.09281
2.10918
2.08962
2.0573
2.06202
2.1071
2.1458
2.15204
2.13276
2.10363
2.08879
2.09462
2.09697
2.09253
2.09018
2.07603
2.05855
2.06229
2.072
2.07159
2.07617
2.08615
2.08074
2.05356
2.02706
2.0272
2.05453
2.08754
2.09684
2.07048
2.03719
2.03469
2.06701
2.09378
2.07214
2.02484
2.01541
2.04176
2.05675
2.06257
2.07936
2.08144
2.04274
1.98697
1.95354
1.95798
1.99308
2.0419
2.08282
2.09739
2.08754
2.0709
2.05702
2.05494
2.07395
2.09711
2.09212
2.05633
2.03053
2.05564
2.1114
2.13151
2.09642
2.05605
2.0462
2.04634
2.04024
2.04759
2.06729
2.07159
2.06854
2.08491
2.11043
2.12458
2.12499
2.10488
2.06021
2.02262
2.0315
2.07672
2.10391
2.08255
2.04815
2.04412
2.06299
2.08296
2.09323
2.08477
2.07117
2.06687
2.05383
2.03414
2.04135
2.06881
2.08116
2.07991
2.08047
2.06909
2.04634
2.04953
2.07825
2.07811
2.05397
2.07048
2.10752
2.08504
2.0247
2.0082
2.03913
2.06909
2.06673
2.03205
2.00487
2.02345
2.072
2.10183
2.08005
2.02026
1.98017
2.00043
2.04593
2.06729
2.06424
2.05258
2.04454
2.04856
2.05147
2.0469
2.0469
2.04274
2.03386
2.05286
2.07839
2.05605
2.02886
2.05328
2.0788
2.07478
2.09087
2.12083
2.11293
2.08671
2.08199
2.08671
2.08615
2.0813
2.06465
2.04676
2.04967
2.06854
2.08671
2.09697
2.08796
2.05675
2.03414
2.04079
2.04731
2.03746
2.04884
2.09739
2.1397
2.13651
2.08907
2.03816
2.02678
2.04176
2.04149
2.03303
2.05272
2.09198
2.10682
2.09434
2.08074
2.06299
2.04149
2.03788
2.0426
2.03746
2.04593
2.06951
2.06979
2.0548
2.06646
2.08685
2.07298
2.03497
2.00778
2.00306
2.01402
2.0315
2.05203
2.07561
2.08851
2.07492
2.04884
2.04343
2.05591
2.05258
2.04218
2.06132
2.08921
2.07617
2.04232
2.04398
2.07658
2.09725
2.0967
2.08602
2.06979
2.06146
2.07381
2.09628
2.10058
2.07436
2.04717
2.0462
2.04565
2.02221
2.01513
2.05134
2.0745
2.04593
2.01055
2.0125
2.04218
2.06188
2.05328
2.0383
2.03899
2.05716
2.08851
2.10655
2.07894
2.02692
2.01028
2.03511
2.05383
2.05619
2.07506
2.11723
2.14109
2.11001
2.0591
2.05064
2.07672
2.09115
2.08879
2.08491
2.0813
2.08241
2.09198
2.09739
2.0874
2.07131
2.06202
2.06743
2.08005
2.07492
2.05147
2.04454
2.07728
2.11334
2.10238
2.06868
2.05827
2.05078
2.029
2.02651
2.05383
2.07617
2.07284
2.06659
2.06868
2.05272
2.02359
2.03219
2.08671
2.12555
2.10072
2.04579
2.02526
2.04287
2.05397
2.03857
2.0143
2.01236
2.0487
2.09614
2.11459
2.10003
2.07103
2.0401
2.02096
2.02734
2.05994
2.09822
2.1071
2.08116
2.05994
2.0659
2.07367
2.05786
2.02318
2.00015
2.02068
2.06673
2.09184
2.08366
2.05758
2.034
2.03164
2.04884
2.05938
2.04343
2.00958
1.98767
2.00223
2.03982
2.04981
2.0168
1.99529
2.02803
2.06784
2.05869
2.03635
2.04482
2.04745
2.01888
2.00112
2.02734
2.08047
2.11986
2.11445
2.07325
2.04107
2.04315
2.0616
2.06327
2.03927
2.02886
2.05786
2.0752
2.04343
2.00778
2.00431
2.01569
2.02415
2.03081
2.0444
2.06937
2.09905
2.11542
2.10738
2.08671
2.06438
2.03927
2.02429
2.03982
2.09253
2.15093
2.14539
2.07644
2.04232
2.06632
2.0573
2.00611
2.02262
2.10821
2.12583
2.05272
2.01818
2.06174
2.09143
2.06243
2.03358
2.05605
2.09808
2.09573
2.04232
1.99779
2.01152
2.06646
2.11376
2.12069
2.09198
2.06951
2.07395
2.06743
2.03386
2.02165
2.05716
2.09739
2.09059
2.00181
1.7764
1.40062
1.00708
0.746987
0.589267
0.421836
0.255099
0.161604
0.136219
0.136358
0.134416
0.110002
0.081149
0.0764327
0.0731035
0.0554865
0.058677
0.0871138
0.0907204
0.0579834
0.0270497
0.00790683
-0.0123457
-0.0196977
0.00291304
0.038147
0.0554865
0.0554865
0.0618675
0.0710227
0.0613126
0.0407826
0.030795
0.0359275
0.0550704
0.067971
0.0389793
-0.0148426
-0.0325983
-0.010265
0.00651966
0.0149814
0.0270497
0.0226108
0.0141491
0.0360662
0.0492443
0.0133168
-0.0106812
0.016646
0.0312112
-0.000693581
-0.0384244
-0.0496604
-0.0231656
0.0284368
0.0563188
0.0382857
0.00235818
-0.0246915
-0.0249689
0.0116522
0.0536832
0.0518799
0.0230269
0.0258012
0.0578447
0.0717163
0.0613126
0.0525735
0.0550704
0.0583995
0.0520186
0.0405051
0.0399503
0.0570124
0.0706066
0.0452215
-0.00693581
-0.018588
0.0237205
0.0431408
0.00762939
-0.0141491
0.0217785
0.0647805
0.0610352
0.0276045
0.00374534
-0.00818426
-0.00707453
0.023443
0.0563188
0.0535445
0.0382857
0.0380083
0.0452215
0.0653354
0.0969627
0.102927
0.0735196
0.0454989
0.0346791
0.0334306
0.0427246
0.0459151
0.022472
0.000554865
0.0120683
0.0273271
0.00319047
-0.0425859
-0.0626998
-0.0441118
0.000971014
0.0516025
0.0654741
0.0273271
-0.0051325
0.00860041
0.0273271
0.0198364
0.017617
0.0345403
0.0259399
-0.0153975
-0.0153975
0.050354
0.0911366
0.0590931
0.0331532
0.0527122
0.0597867
0.0445279
0.0449441
0.0471635
0.0267722
-0.00527122
-0.0331532
-0.0384244
-0.0145652
0.00568737
-0.00416149
-0.0196977
-0.0127619
-0.00984885
-0.0435569
-0.0658902
-0.0219172
0.0393954
0.0554865
0.04106
0.0260787
0.017617
0.0140103
0.00762939
-0.0059648
-0.0140103
0.00416149
0.0418923
0.0595093
0.0477184
0.0368985
0.0295466
0.0116522
0.00471635
0.0223333
0.0374534
0.0393954
0.0446666
0.0431408
0.012207
-0.0239979
-0.0183105
0.0256625
0.0638095
0.0664451
0.0378695
0.00638095
-0.00665838
-0.00582608
0.0059648
0.0282981
0.0406439
0.0251076
-0.000416149
-0.00749068
-0.000416149
0.00263561
0.0059648
0.0169234
0.0235818
0.0119296
-0.00152588
0.0206687
0.0693581
0.0812877
0.029824
-0.0248302
-0.0233043
0.0135942
0.0411987
0.0479958
0.0260787
-0.018588
-0.0331532
0.0134555
0.0592318
0.0303789
-0.0373147
-0.0449441
0.0127619
0.042031
0.00221946
-0.0363437
-0.0133168
0.0255238
0.0160911
-0.0170621
-0.0187267
0.00943271
0.0291304
0.0124845
-0.0228882
-0.0330145
-0.0172008
-0.00804554
-0.00957142
-0.0209462
-0.0417536
-0.031766
0.0191428
0.0436956
0.0169234
-0.0067971
-0.00249689
0.0177557
0.051325
0.071855
0.0418923
-0.00457764
0.0051325
0.051325
0.050354
0.00929399
0.00152588
0.0294078
0.0356501
-0.00319047
-0.0485507
-0.0467474
-0.0160911
-0.0199751
-0.0453602
-0.0181718
0.0535445
0.0857267
0.068942
0.0531283
0.0319047
-0.00221946
-0.00624223
0.0162298
0.00971014
-0.0188654
-0.0137329
0.0145652
0.0231656
0.0248302
0.0349565
0.0337081
0.0258012
0.0274658
0.0145652
-0.0249689
-0.0492443
-0.0306563
-0.0016646
0.00457764
0.000416149
0.00110973
0.00388406
0.0158137
0.0370372
0.0542381
0.0556252
0.031766
-0.000277433
0.00263561
0.0373147
0.0463312
0.016646
-0.00305176
0.00624223
0.021501
0.0266335
0.0196977
0.0051325
-0.00707453
-0.00971014
-0.00846169
-0.00832298
0.00790683
0.0436956
0.057706
0.0330145
0.00374534
-0.0119296
-0.0210849
-0.0216397
-0.00721325
0.0237205
0.0488281
0.0435569
0.0260787
0.0156749
-0.0109586
-0.0496604
-0.0393954
0.0276045
0.0757391
0.0707453
0.0481345
0.0239979
-0.00901656
-0.0323209
-0.0199751
0.0194203
0.0402277
0.0113747
-0.0388406
-0.0557639
-0.0174782
0.0564575
0.109308
0.0822587
0.016646
0.0148426
0.0570124
0.0477184
-0.000554865
-0.0159524
0.00471635
0.0196977
0.0163685
0.0191428
0.0364824
0.0352339
-0.00124845
-0.0353726
-0.0289917
0.00208074
0.016646
0.00901656
0.00568737
0.0202526
0.0344016
0.0305176
0.019559
0.0199751
0.0183105
-0.00846169
-0.0409213
-0.0388406
-0.0126232
-0.00790683
-0.0187267
0.000693581
0.032737
0.0292691
0.0163685
0.026911
0.0165072
-0.0312112
-0.0416149
0.022472
0.0889171
0.0876687
0.0459151
0.0210849
0.0212236
0.0373147
0.0631159
0.0749068
0.0529896
0.0163685
0.010265
0.0364824
0.0374534
-0.00208074
-0.0282981
-0.0126232
0.0284368
0.0658902
0.0610352
0.00749068
-0.0416149
-0.0398116
-0.00319047
0.0266335
0.0425859
0.0466087
0.0228882
-0.00263561
0.0177557
0.0457764
0.0203913
-0.0174782
-0.0172008
-0.0133168
-0.0191428
0.00887784
0.0471635
0.0238592
-0.0432795
-0.0724099
-0.048412
-0.0187267
-0.00180331
0.0105424
0.00485507
-0.0219172
-0.037176
-0.0242753
-0.00110973
0.00291304
-0.0332919
-0.0776811
-0.0688033
-0.021501
-0.00943271
-0.0319047
-0.0320435
-0.0117909
0.00693581
0.0418923
0.068942
0.031766
-0.0435569
-0.0812877
-0.0557639
0.00319047
0.0453602
0.042031
0.0188654
0.00873912
-0.00346791
-0.0289917
-0.0314886
0.00402277
0.0349565
0.0314886
0.0105424
0.000416149
0.00416149
0.00971014
0.0183105
0.032737
0.04106
0.0414762
0.0441118
0.0409213
0.0251076
0.0190041
