0.00856312
0.0220186
0.026735
0.0107132
-0.00981678
-0.0110652
0.00689853
0.0238219
0.0240993
0.00939542
-0.00731989
-0.0111346
-0.00350519
-0.00149381
-0.00350519
0.00440163
0.0116149
-0.00295033
-0.0306242
-0.0379762
-0.0113427
0.0234751
0.038942
0.0375548
0.0311045
0.0211169
0.0122391
0.0143198
0.021325
0.0105745
-0.0223012
-0.0437329
-0.0308323
-0.00426813
0.0121004
0.0165393
0.0105745
-0.00392134
-0.0180704
-0.0196656
-0.00461492
0.0161925
0.0278447
0.025001
0.0141118
0.0057888
0.00308383
-0.00246482
-0.0128685
-0.016059
-0.00731989
0.000517578
-0.00121638
-0.00593273
-0.00884577
-0.0102329
-0.00135509
0.0204234
0.0311045
0.0139037
-0.00738925
-0.00884577
0.00259832
0.0126553
0.0150828
0.00551136
-0.0103023
-0.0146719
-0.00225675
0.00530329
-0.00676503
-0.0167526
-0.00516979
0.0104358
0.0121697
0.0111987
0.0197298
0.0322142
0.0347111
0.0171635
-0.0117588
-0.0270176
-0.0175849
0.00301447
0.0109907
-0.00170188
-0.00953935
0.00731468
0.0237526
0.0114068
-0.0147412
-0.0227174
-0.0091232
0.00460971
0.00849376
0.0104358
0.012794
0.0092567
-0.00211803
-0.0181398
-0.0297226
-0.0233416
-0.00281161
0.0125165
0.0158457
0.0107132
-0.00190996
-0.0106491
0.000101429
0.0218799
0.0270124
0.00870184
-0.00648759
-0.00142445
0.00571944
0.00169667
-0.00114702
-0.000245361
-0.00274225
0.00176602
0.0175103
0.0188281
-0.00419877
-0.0198044
-0.0082909
0.00932606
0.0136956
0.0159151
0.0254865
0.0278447
0.0177878
0.00946478
0.00558072
0.000309504
-0.00364391
-0.00135509
0.00849376
0.0198685
0.0234751
0.0197991
0.015707
0.00904863
-0.00516979
-0.0181398
-0.0165445
-0.00322776
0.0109907
0.0208395
0.0207702
0.00995028
0.0019741
0.00592751
0.0126553
0.0113374
0.00148859
-0.00752797
-0.00461492
0.00440163
0.000933727
-0.00836026
0.00134988
0.0226428
0.0261107
0.0101584
-0.00350519
-0.00392134
0.00044822
0.00169667
0.00585815
0.0143198
0.0141118
0.00232089
-0.00475364
0.00405484
0.0179958
0.0178571
0.00377741
-0.0091232
-0.0142557
-0.00766668
0.0092567
0.0150828
0.00245961
-0.00322776
0.00849376
0.0144586
-0.0018406
-0.0250756
-0.0279193
-0.00683438
0.0118923
0.00641302
-0.0112733
-0.0154348
-0.00301969
0.0107826
0.0186201
0.0189668
0.0105051
0.00447099
0.00932606
0.0141118
0.0131408
0.0167474
0.0231977
0.0185507
0.00204346
-0.0209834
-0.041236
-0.0351325
-0.00510043
0.0136956
0.0177878
0.0270124
0.0293706
0.0149441
0.00467907
0.00440163
0.000656294
-0.0018406
0.00454035
0.00974221
0.00842441
0.00870184
0.00835505
-0.00121638
-0.0114814
-0.010441
0.00121116
0.0173022
0.0276366
0.0276366
0.0200766
0.000933727
-0.0221625
-0.0208447
0.0100196
0.0374161
0.0330465
0.00890991
-0.000938943
0.0112681
0.0196604
0.00995028
-0.00066151
0.00502586
0.0170248
0.0168861
0.00523393
-0.00218739
-0.000522794
0.00232089
0.0106439
0.0330465
0.0529523
0.0509409
0.0341563
0.017441
0.0105745
0.0160538
0.0165393
-0.0010083
-0.0174462
-0.0125911
0.00294511
0.00717596
-0.00274225
-0.00919256
-0.000106645
0.0116149
0.0087712
-0.00225675
-0.00884577
-0.00960871
0.000795011
0.0180652
0.0186201
0.00211282
-0.00121638
0.0158457
0.0224347
0.00148859
-0.0245901
-0.0295839
-0.0158509
-0.00121638
0.00675981
0.00974221
0.00454035
-0.00842962
-0.0158509
-0.00711182
0.00523393
0.00121116
-0.0122443
-0.0118282
-0.000314719
0.00266768
0.000725653
0.0114762
0.0274285
0.0270124
0.0148054
0.0152215
0.0264575
0.0240993
0.0136956
0.0235445
0.0439358
0.0442826
0.0312432
0.0223654
0.0104358
-0.0026729
-0.00204867
0.00641302
0.00662109
0.00232089
0.0071066
0.0154296
0.00842441
-0.00759732
0.00044822
0.0365144
0.0625237
0.0556573
0.0329078
0.0154296
0.0102277
0.0151521
0.0182039
0.00884055
-0.00641824
-0.0152267
-0.0161284
-0.0107878
-0.000384078
0.00523393
-0.00177124
-0.00870705
-0.00371327
0.00211282
0.00044822
0.000586936
0.00370805
0.00183538
-0.00239546
0.00141923
0.0122391
0.0170942
0.00731468
-0.0112039
-0.017793
-0.00170188
0.013765
0.00703724
-0.00336648
0.00245961
0.0102277
0.00481778
-0.00343584
0.00100309
0.0160538
0.0205621
0.00571944
-0.00627952
-0.00135509
0.000240146
-0.0105104
-0.0109959
0.00176602
0.00176602
-0.00926192
-0.00329712
0.014736
0.0124472
-0.0102329
-0.0208447
-0.0100942
0.00405484
0.00960349
-0.000314719
-0.0245207
-0.03756
-0.023411
-0.00468428
-0.00066151
0.000933727
0.00738403
0.00918734
0.00773082
0.00752275
-0.000384078
-0.0135621
-0.0137008
-0.00329712
-0.00343584
-0.0107184
-0.00364391
0.0154989
0.0245155
0.0170942
0.0106439
0.0152909
0.0185507
0.0105745
0.00245961
0.00620494
0.0133488
0.0079389
-0.00364391
-0.000384078
0.0134182
0.0180652
0.0198685
0.0301335
0.0360983
0.0266656
0.00988093
-0.00641824
-0.0207754
-0.0250062
-0.0086377
0.0191056
0.029648
0.00800826
-0.0220238
-0.0241046
0.00523393
0.0331159
0.0357515
0.0234058
0.0139731
0.0125165
0.0144586
0.0139731
0.0151521
0.0196604
0.0122391
-0.00849898
-0.0177236
-0.00634888
0.00988093
0.0188975
0.0200766
0.0177184
0.0142505
0.00717596
-0.00204867
-0.00731989
-0.00919256
-0.0117588
-0.014117
-0.0185559
-0.0286128
-0.0324275
-0.0192495
-0.00475364
-0.00551658
-0.0161284
-0.0230642
-0.0143944
0.000101429
-0.00516979
-0.0217464
-0.0227868
-0.0146719
-0.0116201
-0.00454557
0.0129327
0.0225735
0.00981157
-0.0103716
-0.0209834
-0.0208447
-0.00856834
0.00606623
0.000309504
-0.0202205
-0.0195963
0.00780018
0.0208395
-0.00225675
-0.0274337
-0.0220238
-0.00676503
-0.00510043
0.00391613
0.0276366
0.0351966
0.021325
0.00918734
0.00349998
-0.000800226
-0.00357455
-0.0122443
-0.0279886
-0.032705
-0.0191801
-0.00718117
-0.00454557
0.00634366
0.0244461
0.0270124
0.0128633
-0.00295033
-0.0193882
-0.0289596
-0.0139783
0.0154296
0.0302722
0.0225041
0.00592751
-0.000730868
0.00565008
0.0087712
0.00232089
-0.00336648
-0.00551658
-0.00822155
-0.0105797
-0.00718117
0.00585815
0.0191056
0.0166087
0.000309504
-0.0100942
-0.00669567
0.00322255
0.0103664
0.00786954
-0.000384078
-0.00503107
-0.00329712
0.00558072
0.0161232
0.0134875
0.000864369
0.00107244
0.0139037
0.0117536
-0.0124524
-0.0304855
-0.0209834
0.00225153
0.0164699
0.0164699
0.00571944
-0.00378263
0.0041242
0.0162619
0.00509521
-0.016822
-0.0150186
0.00988093
0.0260414
0.0159151
-0.00926192
-0.0255611
-0.0211222
-0.00725053
-0.00371327
-0.0105797
-0.00905384
0.0071066
0.0226428
0.0275672
0.0247929
0.0129327
-0.0056553
-0.0132847
-0.00392134
0.00662109
0.00800826
0.00155795
-0.00523915
-0.00433749
0.00266768
0.0107826
0.0194523
0.0231283
0.016678
0.0136263
0.0243768
0.0286076
0.0132101
0.00044822
0.0041242
0.00363869
-0.0116201
-0.0184172
-0.0061408
0.0062743
0.00682917
-0.00322776
-0.0167526
-0.013354
0.00863248
0.0190362
0.00544201
-0.014117
-0.02244
-0.0155042
-0.00121638
0.00960349
0.0159151
0.0207702
0.018412
0.00315319
-0.0143944
-0.0152961
-0.000522794
0.00870184
-0.000453436
-0.0150186
-0.0132153
0.00544201
0.0224347
0.0260414
0.0162619
-3.72869e-05
-0.00919256
-0.00544722
0.00294511
0.00807761
0.0105745
0.0149441
0.0254865
0.0417857
0.0501086
0.0301335
-0.0105797
-0.0278499
0.00183538
0.0412308
0.0414389
0.00460971
-0.0260466
-0.0217464
-0.00128573
0.00294511
-0.00579401
-0.00419877
0.00474842
0.000933727
-0.0174462
-0.030971
-0.017793
0.0160538
0.0337401
0.0219492
0.0105745
0.0150828
0.0159844
0.00745339
0.00780018
0.0164006
0.0119617
-0.00489236
-0.0145331
-0.0138396
-0.0091232
0.0028064
0.0245848
0.0467101
0.0487908
0.0227815
-0.0039907
-0.00988614
-0.0135621
-0.024382
-0.0191801
0.00155795
0.0121697
0.0143892
0.0161232
0.00363869
-0.011412
0.00467907
0.0381097
0.0411614
0.00488714
-0.0307629
-0.0315952
-0.0134234
-0.00856834
-0.012383
-0.00884577
-0.00440685
-0.00322776
-3.72869e-05
0.00100309
-3.72869e-05
0.00232089
0.000656294
-0.00752797
-0.00940063
0.00273704
0.0170942
0.015707
0.00460971
0.00523393
0.0154296
0.0222267
0.0244461
0.0189668
0.0107132
0.0175797
0.0297867
0.0207702
0.00301447
0.000170787
0.00211282
-0.00156317
-0.00274225
-0.00496171
-0.010441
-0.00246482
0.0160538
0.0121697
-0.0193882
-0.0358261
-0.0118975
0.0201459
0.0228509
0.00190474
-0.0159897
-0.0223012
-0.0229948
-0.0147412
0.00440163
0.0197991
0.0216025
0.0187588
0.0207702
0.0167474
-0.0078054
-0.032705
-0.0235497
0.00641302
0.0197298
0.0173716
0.0142505
0.00689853
-0.000938943
0.00287575
0.0126553
0.00988093
-0.00475364
-0.00662631
0.00953414
0.0151521
0.00474842
0.00634366
0.0243768
0.0358209
0.0346418
0.0329772
0.0336708
0.0280528
0.0107826
-0.0103023
-0.017793
-0.00406006
0.0135569
0.0113374
-0.00849898
-0.0217464
-0.0132153
0.00835505
0.0207008
0.0105051
-0.00329712
0.00828569
0.0365838
0.0473343
0.0286076
0.00100309
-0.00884577
0.00516457
0.0215331
0.0202846
0.0111294
0.0114068
0.0143892
0.00419356
-0.00953935
-0.0039907
0.0149441
0.0201459
0.00897927
0.00121116
-0.00204867
-0.0112733
-0.0100249
0.0163312
0.0383871
0.0271511
0.00571944
0.00509521
0.0122391
0.0117536
0.0159844
0.0207008
0.0105051
0.00141923
0.0129327
0.0307577
0.0277753
-0.00107766
-0.028266
-0.0266708
-0.00523915
0.00967285
0.0102277
0.00828569
0.0141118
0.0202153
0.00974221
-0.0102329
-0.0179317
-0.0164752
-0.016059
-0.00794411
0.00682917
0.0132795
0.00988093
0.00516457
0.00488714
0.0132101
0.0245848
0.0231977
0.00454035
-0.0212609
-0.0397795
-0.0368665
-0.0148106
0.0079389
0.0218799
0.0245848
0.0135569
-0.00190996
-0.00711182
0.00273704
0.0152909
0.00689853
-0.0199431
-0.0288903
-0.00738925
0.0151521
0.0175103
0.00953414
0.00419356
-0.00170188
-0.010441
-0.0112733
0.000517578
0.0123085
0.0139037
0.00897927
0.00363869
0.000309504
-0.00218739
-0.00849898
-0.0153654
-0.0129379
0.00183538
0.0204927
0.0268043
0.0148747
-0.000176003
-0.00274225
0.00259832
0.00169667
-0.00378263
-0.00225675
0.00259832
0.00273704
0.00225153
0.00800826
0.0159844
0.0179958
0.0166087
0.0170942
0.0114068
-0.00433749
-0.0144638
-0.0135621
-0.0185559
-0.0266015
-0.0161284
0.00842441
0.0214637
0.0125859
-0.0053085
-0.0152267
-0.00752797
0.0223654
0.0566283
0.0575993
0.0259027
0.00585815
0.013765
0.0261801
0.0270817
0.0200072
0.017649
0.0293012
0.0450455
0.042618
0.0170942
-0.00725053
-0.0103023
0.000240146
0.00988093
0.0165393
0.0210476
0.0159151
-0.00392134
-0.0195963
-0.00600209
0.0252784
0.0413002
0.0373467
0.032353
0.0331159
0.0302722
0.0154296
-0.00669567
-0.0152961
0.000656294
0.0188281
0.0195911
0.00974221
-0.00551658
-0.01703
-0.00988614
0.00655174
0.0175103
0.0227815
0.0211169
0.0189668
0.03159
0.0480279
0.0393581
0.0123085
0.00516457
0.0284689
0.0471956
0.032353
0.00169667
-0.010441
-0.00142445
-0.000592152
-0.0231335
-0.041236
-0.0278499
-0.00301969
0.00703724
0.00509521
-0.0039907
-0.0138396
-0.0111346
-0.00447621
-0.00731989
-0.00433749
0.0175797
0.0382484
0.0348499
0.0159151
0.00294511
0.00190474
0.00960349
0.0190362
0.0244461
0.0351273
0.0514958
0.0504554
0.0247236
-0.000453436
-0.00170188
0.015707
0.0259027
0.0136263
-0.00669567
-0.0134928
-0.00343584
0.0107132
0.0159844
0.010089
0.0028064
-3.72869e-05
-0.0056553
-0.0191801
-0.0275725
-0.0189721
-0.00211803
0.00849376
0.0105745
0.00890991
0.00516457
-0.00121638
-0.00842962
-0.0139783
-0.0100942
0.00696788
0.0161232
0.00537265
0.0011418
0.016678
0.0228509
0.00218217
-0.0157816
-0.00114702
0.0250704
0.022088
-0.00607144
-0.0221625
-0.0180704
-0.0141863
-0.0167526
-0.015088
-0.00489236
0.00738403
0.0153602
0.0202846
0.0247929
0.02403
0.0134182
-0.00197931
-0.0135621
-0.0105104
0.00890991
0.0195217
0.00176602
-0.0198044
-0.0119669
0.0173022
0.0344337
0.0294399
0.0161232
0.00121116
-0.00711182
0.00773082
0.033324
0.0344337
0.0122391
0.00183538
0.0126553
0.0243768
0.0301335
0.0317287
0.0200766
0.00488714
0.00766147
0.0170942
0.0148747
0.0123778
0.0186894
0.0211863
0.019383
0.0282608
0.0399824
0.030619
0.00960349
0.00669045
0.0224347
0.0371387
0.0356822
0.00856312
-0.0242433
-0.022648
0.00738403
0.023059
0.0166087
0.0129327
0.0192443
0.0186201
0.00474842
-0.00135509
0.0106439
0.0146666
-0.00197931
-0.0132153
-0.00634888
-0.000800226
-0.00690374
-0.00849898
0.00218217
0.0079389
-0.00211803
-0.0139089
-0.0106491
0.0028064
0.0087712
0.00752275
0.012794
0.0231977
0.0256252
0.0162619
0.00717596
0.0142505
0.0245155
0.00315319
-0.0392246
-0.0475476
-0.012383
0.0146666
0.00786954
-0.00745861
-0.00544722
0.0122391
0.0276366
0.0290931
0.0243768
0.0245155
0.0303416
0.0345031
0.0244461
-0.000384078
-0.0193882
-0.0189027
-0.00752797
0.00155795
0.0032919
-0.00135509
-0.00392134
0.00890991
0.0332546
0.0383871
0.0104358
-0.0195963
-0.0223706
-0.00787476
0.00675981
0.0188975
0.0205621
0.00648238
-0.00419877
0.00606623
0.0218105
0.0208395
0.00745339
-0.00253418
-0.00558594
-0.0091232
-0.0140476
-0.00815219
0.013002
0.03159
0.0257639
0.000378862
-0.0137702
0.00273704
0.0331159
0.0369306
0.00245961
-0.0279193
-0.0207754
0.000240146
0.00363869
-0.00621016
-0.00926192
0.000586936
0.0102277
0.0145279
0.0209782
0.0191749
-0.000800226
-0.0202899
-0.0208447
-0.00475364
0.00904863
0.00301447
-0.00752797
0.0041242
0.0244461
0.0194523
-0.00655695
-0.0152267
0.00363869
0.0181345
0.0158457
0.0195911
0.0306884
0.0239606
-0.000592152
-0.015088
-0.00586337
0.0128633
0.0227815
0.0206314
0.00995028
-0.0053085
-0.00974743
0.00696788
0.0243074
0.0207008
0.0071066
0.00294511
0.00856312
0.0114068
0.000586936
-0.018764
-0.0229948
-0.000730868
0.0268043
0.0358902
0.0218105
-0.00731989
-0.025353
-0.0103023
0.0124472
0.00467907
-0.0190414
-0.0233416
-0.0124524
-0.00419877
0.00842441
0.0253478
0.027706
0.0167474
0.0107826
0.0114068
0.0134875
0.0207702
0.0291625
0.0249316
0.00911799
-0.00475364
-0.0141863
-0.0161977
-0.00406006
0.0129327
0.0220186
0.0188281
0.00190474
-0.0123137
-0.000106645
0.0257639
0.0291625
0.00745339
-0.00586337
0.00419356
0.0159151
0.0140424
0.00863248
0.00481778
-0.00308904
-0.00974743
0.000725653
0.0271511
0.0439358
0.0329772
0.0125859
0.00988093
0.0175103
0.0113374
-0.00364391
-0.00919256
-0.00759732
-0.0105797
-0.020706
-0.0241046
-0.0102329
0.00301447
0.00252896
0.00162731
0.00356934
-0.00239546
-0.0139089
-0.0189721
-0.0111346
-0.000592152
-0.00218739
-0.00725053
0.00620494
0.029648
0.0329078
0.0178571
0.012031
0.0152215
0.00426292
-0.0186946
-0.0236191
-0.000522794
0.0238913
0.0245848
0.00738403
-0.00503107
-0.00232611
0.000240146
-0.0103023
-0.0180704
-0.00489236
0.0162619
0.0238219
0.0195217
0.0136956
0.00752275
0.00273704
0.000170787
-0.00683438
-0.0126605
-0.000938943
0.012794
-0.00253418
-0.0246594
-0.00905384
0.0277753
0.0397049
0.0208395
-0.00926192
-0.0275725
-0.0148799
0.00981157
0.0108519
-0.00440685
-0.00967807
-0.00295033
0.00821633
0.0158457
0.00599687
-0.0172381
-0.024382
-0.00364391
0.0172329
0.0150828
0.00176602
-0.000522794
0.0117536
0.0255559
0.0263188
0.0150828
0.0092567
0.0112681
0.00537265
-0.000800226
0.0162619
0.039913
0.0338095
0.00773082
-0.00378263
0.000170787
0.000795011
-0.00655695
-0.0162671
-0.0159897
-0.00510043
-0.00870705
-0.032705
-0.0433168
-0.0247288
-0.000522794
0.00773082
-0.00336648
-0.0229948
-0.0259772
-0.00142445
0.0211169
0.0134182
-0.00877641
-0.0199431
-0.018001
-0.00787476
0.00835505
0.0210476
0.0183426
0.00377741
-0.0103023
-0.0164058
-0.00940063
0.00488714
0.0104358
0.00717596
0.00863248
0.0117536
0.00565008
-0.00121638
0.00266768
0.0136956
0.0222267
0.0178571
0.00176602
-0.0069731
0.00155795
0.0132795
0.0105745
-0.00329712
-0.00676503
0.00530329
0.0101584
0.000378862
-0.00190996
0.0104358
0.0179958
0.012031
0.00211282
-0.0053085
-0.0101636
-0.0115507
-0.00704246
0.00509521
0.0170248
0.0150134
0.0092567
0.0226428
0.0385258
0.0258333
0.00211282
-0.00412942
-0.00870705
-0.0294451
-0.0418602
-0.0247981
-0.00433749
-0.00725053
-0.0121056
0.000795011
0.0109213
0.00447099
-0.00412942
-0.00295033
0.000864369
-0.00274225
-0.00711182
-0.00808283
-0.013354
-0.0154348
-0.00558594
-0.00274225
-0.0176543
-0.026324
-0.0113427
0.0111987
0.0198685
0.0116842
-0.00163252
-0.0039907
0.00821633
0.0178571
0.0130714
0.00682917
0.0144586
0.0277753
0.0179958
-0.0195963
-0.0358261
-0.00197931
0.0305496
0.0202846
0.00148859
0.00467907
0.0109213
0.00155795
-0.0200124
-0.0363809
-0.0274337
-0.00426813
0.00225153
-0.00371327
0.00474842
0.0239606
0.030619
0.0249316
0.0264575
0.0345031
0.0260414
0.00273704
-0.0018406
0.0198685
0.0324917
0.0155683
-0.00516979
-0.00239546
0.0145279
0.0245155
0.0208395
0.0100196
0.00592751
0.0127246
0.0173022
0.012031
0.00634366
0.00717596
0.00800826
0.00703724
0.01106
0.016678
0.0106439
-0.00537786
-0.0115507
-0.000592152
0.0113374
0.0121004
0.000656294
-0.0154348
-0.0181398
-0.00204867
0.0189668
0.037
0.0478892
0.0460859
0.0331159
0.0109907
-0.0162671
-0.0318033
-0.0231335
0.00239025
0.0280528
0.0312432
-0.000453436
-0.0325663
-0.0223706
0.00558072
0.00585815
-0.0118282
-0.0166139
-0.00725053
3.20712e-05
0.000309504
0.00398548
0.0195911
0.0342256
0.0260414
0.00287575
-0.00884577
-0.0143251
-0.0298613
-0.0392246
-0.0260466
-0.00794411
-0.00392134
-0.00503107
0.00391613
0.0182039
0.026735
0.030619
0.0300641
0.0206314
0.0123085
0.0153602
0.0193136
0.0186894
0.0252091
0.037971
0.0374161
0.0168167
-0.00718117
-0.0136315
0.00266768
0.0183426
0.00828569
-0.0111346
-0.00593273
0.0152215
0.0177184
0.0019741
-0.00308904
0.00516457
0.0062743
0.00044822
0.000864369
0.00454035
0.0111987
0.025972
0.0308964
0.0132101
-0.00260354
-0.00163252
-0.00190996
-0.0061408
-0.000176003
0.0092567
0.0109213
0.00849376
0.00467907
-0.000730868
-0.00350519
0.000864369
0.00897927
0.00967285
0.00155795
-0.00253418
-0.000730868
-0.00454557
-0.0125911
-0.0120362
-0.00364391
0.00259832
0.00474842
0.0041242
0.00544201
0.015707
0.0218799
0.00849376
-0.00336648
0.00266768
0.0049565
-0.00468428
-0.00988614
-0.0105104
-0.0125911
-0.00690374
0.00849376
0.0149441
0.00107244
-0.0161284
-0.0175155
-0.00648759
0.00565008
0.0170248
0.0274979
0.0274285
0.0138343
0.00405484
0.00821633
0.013765
0.0140424
0.0138343
0.00821633
-0.00669567
-0.0164058
-0.00641824
0.0111987
0.0106439
-0.00676503
-0.0124524
0.00162731
0.0116149
0.000933727
-0.0185559
-0.0231335
-0.00350519
0.0214637
0.0274979
0.0229203
0.0304109
0.0379016
0.023267
0.00454035
0.00551136
0.0159844
0.0215331
0.0198685
0.0111294
0.0062743
0.0114762
0.0118923
0.000170787
-0.0111346
-0.0103716
0.00225153
0.0134182
0.0134875
0.0102971
0.0107132
0.00800826
-0.00163252
-0.0129379
-0.0171687
-0.00988614
0.00308383
0.0114762
0.0079389
-0.00544722
-0.0132153
-0.00572465
0.00766147
0.0139037
0.0087712
-0.00329712
-0.0103023
-0.00808283
-0.00877641
-0.013354
-0.00738925
0.00356934
0.00370805
0.00190474
0.0118923
0.0200766
0.0136263
0.00856312
0.0133488
0.0121697
0.00454035
0.00377741
0.00911799
0.0148054
0.0207008
0.0213944
0.0102277
-0.00336648
-0.00281161
0.00682917
0.00738403
0.000170787
0.000170787
0.00745339
0.0104358
0.00675981
0.00669045
0.0114068
0.00828569
-0.000869585
-0.00149381
-0.00066151
-0.012383
-0.0180704
0.00155795
0.0245848
0.0321449
0.0336708
0.0261801
0.00467907
-0.00627952
0.00814697
0.021325
0.0102971
-0.00627952
-0.00190996
0.0169555
0.0280528
0.0234751
0.00745339
-0.00690374
-0.00475364
0.0087712
0.0191056
0.0233364
0.0202846
0.00558072
-0.0146025
-0.0219545
-0.0105104
-0.000176003
0.000378862
0.00828569
0.0237526
0.0295786
0.0281221
0.0277753
0.0220186
0.0121004
0.00828569
0.0041242
-0.0127298
-0.0294451
-0.0236884
0.00225153
0.0270817
0.0348499
0.0240993
0.00967285
0.00454035
0.00225153
-0.00142445
0.00322255
0.0131408
0.0114762
-0.00142445
-0.0101636
-0.0110652
-0.0099555
-0.00496171
0.00405484
0.00759211
0.0071066
0.0161232
0.0294399
0.0280528
0.0153602
0.00689853
-0.0018406
-0.0180704
-0.0277112
-0.0167526
0.00349998
0.0173022
0.0252784
0.0246542
0.0154296
0.0132795
0.0206314
0.0268737
0.0307577
0.0308271
0.0245155
0.0179265
0.0100196
-0.0113427
-0.0387391
-0.0442878
-0.020706
0.012031
0.0314513
0.0256946
0.00488714
-0.00586337
-0.00197931
-0.00163252
-0.00669567
3.20712e-05
0.0157764
0.0182733
0.0079389
0.00849376
0.0248623
0.0367225
0.0315207
0.0195217
0.0162619
0.0213944
0.0244461
0.0224347
0.0179958
0.0122391
0.00960349
0.0133488
0.0209782
0.0237526
0.0158457
0.0071066
0.00835505
0.0134875
0.0135569
0.00620494
-0.00537786
-0.00773604
0.00613559
0.017441
0.0104358
0.00259832
0.013765
0.0288157
0.0248623
0.00884055
-0.00135509
-0.00322776
0.00176602
0.0141811
0.0204234
0.00856312
-0.00468428
-0.00211803
0.00551136
0.00897927
0.0122391
0.0136263
0.0121697
0.0133488
0.0145279
0.00939542
0.0011418
-0.000245361
0.00592751
0.00946478
0.00835505
0.0107826
0.0159151
0.0132101
-0.00489236
-0.0274337
-0.0256998
0.00530329
0.0291625
0.0245155
0.0132795
0.0155683
0.0256252
0.0293012
0.0211169
0.00780018
-0.00946999
-0.0254917
-0.0137702
0.0252784
0.0492763
0.0345724
0.000240146
-0.0192495
-0.00475364
0.023267
0.0300641
0.0191749
0.0138343
0.0109213
-0.000522794
-0.0134234
-0.0164058
-0.00607144
0.014736
0.0312432
0.0298561
0.0222267
0.0227815
0.0210476
0.011823
0.00904863
0.0127246
0.0109907
0.00655174
0.00523393
0.00259832
0.00370805
0.015707
0.0280528
0.0313819
0.0274285
0.0169555
0.00800826
0.0125165
0.0239606
0.0294399
0.0254865
0.00918734
-0.0146025
-0.0254224
-0.00967807
0.0153602
0.0211169
0.00967285
-0.00211803
-0.0162671
-0.0275725
-0.0153654
0.0129327
0.026735
0.0190362
0.00828569
0.00571944
0.00648238
0.00752275
0.01106
0.0133488
0.00884055
0.00169667
0.000795011
0.0100196
0.0234751
0.0274285
0.0172329
0.00454035
0.000656294
0.00786954
0.0198685
0.0235445
0.0154296
0.00752275
0.00502586
-0.00177124
-0.0182091
-0.031734
-0.0269482
-0.0061408
0.0125859
0.0135569
0.00252896
-0.00357455
-0.00218739
0.000309504
0.00343062
0.00849376
0.0113374
0.00613559
-0.00523915
-0.0142557
-0.0121056
0.00419356
0.0254171
0.0351273
0.0260414
0.00703724
0.0019741
0.0204927
0.0355434
0.0259027
0.0121004
0.0087712
0.00481778
3.20712e-05
-0.00149381
-0.00392134
0.000586936
0.0141118
0.0182039
0.0151521
0.0199379
0.0179958
-3.72869e-05
-0.00662631
0.013765
0.0332546
0.0259027
0.000864369
-0.0240352
-0.0357567
-0.019735
0.0104358
0.0173022
0.00509521
0.0100196
0.0252784
0.0207008
0.00128052
-0.0165445
-0.024382
-0.0134928
0.00273704
0.00405484
0.00176602
0.00821633
0.0109907
0.00634366
0.00786954
0.0132795
0.00759211
-0.00288097
-0.00190996
0.00384677
0.00134988
-0.000592152
0.00918734
0.0154296
-0.00336648
-0.0289596
-0.0220932
0.0104358
0.0298561
0.0308964
0.0300641
0.025001
0.0092567
-0.00690374
-0.0116201
-0.0102329
-0.0127298
-0.0116201
0.00454035
0.0252784
0.0337401
0.0308964
0.0234751
0.011823
0.00384677
0.00648238
0.00391613
-0.0141863
-0.0274337
-0.0164058
0.00842441
0.027914
0.0415776
0.0528136
0.047265
0.0164006
-0.0155735
-0.0246594
-0.0180704
-0.00870705
0.000725653
0.00974221
0.0148054
0.00835505
-0.00378263
-0.00121638
0.0111294
0.00870184
-0.00128573
0.00773082
0.0243768
0.0173716
-0.00454557
-0.0119669
-0.00142445
0.01106
0.0105745
-0.000730868
-0.000245361
0.0134182
0.0134182
-0.00163252
-0.0127298
-0.0146719
-0.00551658
0.0103664
0.0111987
-0.00870705
-0.0218851
-0.0101636
0.0114068
0.0214637
0.0188281
0.0144586
0.0141811
0.0161925
0.0184813
0.0225041
0.0291625
0.0324917
0.0213944
0.00121116
-0.00579401
0.00454035
0.00988093
-0.00281161
-0.0130073
0.0071066
0.0407453
0.0415776
0.0100196
-0.0103716
-0.00364391
0.00821633
0.0105745
0.00634366
0.000170787
-0.00204867
-0.00135509
-0.0103023
-0.0236191
-0.0191801
-0.00128573
0.00433228
-0.00690374
-0.0217464
-0.0256304
-0.012383
0.00606623
0.0142505
0.0106439
0.00322255
0.00655174
0.0273592
0.0465714
0.0443519
0.0244461
-0.00114702
-0.0163364
-0.00510043
0.0198685
0.0261801
0.0116842
0.00252896
0.00703724
0.0107826
0.00939542
0.0103664
0.00759211
-0.00204867
0.000864369
0.0190362
0.025972
0.0177184
0.020354
0.0370693
0.0360983
0.00544201
-0.0209141
-0.0185559
-0.0031584
0.00440163
0.000933727
-0.00246482
0.00245961
0.00530329
-0.000869585
0.00211282
0.0239606
0.0358209
0.0111294
-0.0222319
-0.0208447
0.00828569
0.0321449
0.0350579
0.0197991
0.0123085
0.0283302
0.0333933
0.00724532
-0.00981678
0.00911799
0.0326998
0.0276366
0.00620494
0.00155795
0.0175103
0.0243074
0.0107826
-0.00239546
-0.00551658
-0.00426813
0.00377741
0.0136263
0.0106439
0.000656294
0.000933727
0.00336126
-0.00766668
-0.0184866
-0.00946999
0.00981157
0.0170248
0.00932606
0.0041242
0.00932606
0.010089
-0.00281161
-0.0145331
-0.00933128
0.0100196
0.0252091
0.020354
0.00169667
-0.00884577
0.00169667
0.0200766
0.0169555
-0.00974743
-0.0307629
-0.0309017
-0.0182785
-0.00177124
0.00807761
0.000240146
-0.0158509
-0.0209834
-0.0155042
-0.00766668
0.00107244
0.00675981
0.00870184
0.00849376
0.00259832
-0.00815219
-0.0154348
-0.0125911
0.00128052
0.0183426
0.0218105
0.00606623
-0.0132153
-0.0134234
0.00870184
0.0234751
0.00669045
-0.0148799
-0.00510043
0.0234058
0.0346418
0.021325
0.0049565
0.00287575
0.0111294
0.0159844
0.00995028
-0.000245361
-0.0031584
0.00245961
0.0116149
0.0196604
0.0209782
0.0201459
0.0284689
0.035266
0.0249316
0.013765
0.0181345
0.0188975
0.00211282
-0.0135621
-0.0120362
0.00225153
0.0191056
0.0229896
0.00419356
-0.0184172
-0.0235497
-0.0192495
-0.016059
-0.00135509
0.0295093
0.0446987
0.0221573
-0.00856834
-0.0152267
-0.00822155
-0.00454557
0.00336126
0.0200766
0.0265962
0.00662109
-0.0217464
-0.0263934
-0.0125911
-0.00836026
-0.00648759
0.00655174
0.0062743
-0.018764
-0.0352019
-0.0204979
0.00294511
0.00405484
-0.011412
-0.0107878
0.0101584
0.0208395
0.0109907
0.00245961
0.00245961
-0.00149381
-0.00621016
-0.00142445
0.00405484
0.00433228
0.0138343
0.0341563
0.0388033
0.0165393
-0.00711182
-0.00725053
0.0108519
0.0265269
0.0274979
0.0187588
0.00995028
0.00356934
0.00322255
0.0113374
0.0163312
0.00911799
-0.00274225
-0.0117588
-0.0168913
-0.0128685
0.00370805
0.0206314
0.0229896
0.0127246
-0.000453436
-0.00752797
-0.00433749
-0.000592152
-0.00239546
-0.000384078
0.00391613
-0.00322776
-0.0125218
-0.00357455
0.0125859
0.0119617
0.00655174
0.0168861
0.026943
0.0189668
0.00738403
0.00301447
-0.00343584
-0.00794411
0.00287575
0.0163312
0.0146666
0.0145279
0.0320755
0.0417163
0.0217412
-0.00281161
-0.00468428
0.00544201
0.00731468
0.00141923
0.00336126
0.0185507
0.0283995
0.0186894
0.00349998
-0.0031584
-0.0069731
-0.0112733
-0.00718117
0.00682917
0.0159844
0.00870184
-0.00239546
-0.00149381
0.00356934
0.000170787
-0.00836026
-0.00926192
0.00155795
0.0134182
0.0159151
0.00745339
-0.00295033
0.000864369
0.0139731
0.011823
-0.00218739
0.000240146
0.0148054
0.016678
0.0135569
0.017441
0.0132101
-0.000245361
-0.00239546
0.00682917
0.0141811
0.018412
0.0185507
0.0107826
0.00190474
-0.0010083
-0.00066151
0.00474842
0.0178571
0.0229203
0.00634366
-0.0137008
-0.0106491
0.00988093
0.0134182
-0.0102329
-0.0278499
-0.0159203
0.0129327
0.0399824
0.0496231
0.0330465
0.00641302
-0.00572465
0.000933727
0.0111294
0.00703724
-0.0129379
-0.0297919
-0.0284741
-0.0121056
0.00447099
0.00620494
-0.00253418
-0.00301969
0.00204346
-0.00128573
-0.00884577
-0.0138396
-0.0130073
0.000586936
0.0169555
0.0173022
0.0112681
0.0175103
0.0208395
0.00786954
0.00225153
0.0143198
0.0186894
0.00682917
0.000795011
0.00592751
0.00634366
0.00315319
0.00134988
-0.0107878
-0.0245207
-0.0162671
0.00239025
0.00523393
-0.00773604
-0.0200124
-0.0168913
-0.00156317
0.00322255
-0.00773604
-0.0124524
-0.00336648
0.00363869
0.00176602
-0.00856834
-0.0247981
-0.028266
-0.0039907
0.0272205
0.0315207
0.0125165
0.0049565
0.0154296
0.0170248
0.000933727
-0.0139783
-0.0107878
0.00988093
0.0250704
0.0164006
-0.000176003
-0.00350519
0.00315319
0.0193136
0.0428954
0.045531
0.0133488
-0.0229255
-0.0325663
-0.0182785
0.00336126
0.0191056
0.0208395
0.0149441
0.015707
0.0231283
0.021325
-0.00239546
-0.0343002
-0.0410279
-0.0162671
0.0121004
0.0257639
0.0274285
0.0167474
-0.00343584
-0.0111346
0.00433228
0.0188281
0.0175797
0.0182039
0.0254865
0.0227122
0.0105051
0.00141923
-0.00440685
-0.0078054
-0.00253418
0.00960349
0.0148747
0.00856312
0.00322255
0.00682917
0.0114068
0.0130714
0.0113374
0.00100309
-0.0099555
-0.00288097
0.0198685
0.0340869
0.0245848
0.00245961
-0.0069731
0.00613559
0.0211169
0.0194523
0.013765
0.013002
0.00301447
-0.0112733
-0.00523915
0.0161925
0.025001
0.0134875
-0.00725053
-0.0212609
-0.0105104
0.0196604
0.0327691
0.0143892
-0.000592152
0.0121004
0.0266656
0.0224347
0.0145279
0.0128633
0.0106439
0.00759211
0.00454035
-0.00204867
-0.0086377
-0.0111346
-0.012383
-0.00544722
0.0191749
0.0429648
0.0390113
0.0161925
0.00592751
0.0130714
0.0135569
-0.00163252
-0.00988614
0.00349998
0.0236138
0.032561
0.0222267
-0.00128573
-0.0132847
-0.00641824
-0.000730868
0.00460971
0.023267
0.0328385
0.0161925
0.00613559
0.0182733
0.0204234
-0.00149381
-0.0219545
-0.0109959
0.0250704
0.0345724
-0.0091232
-0.0438023
0.0062743
0.0924865
0.0672401
-0.0816025
-0.127795
0.0731355
0.259015
0.0742453
-0.30882
-0.310762
0.165729
0.44975
0.0581542
-0.480065
-0.326575
0.336488
0.472361
-0.201592
-0.675585
-0.178981
0.542968
0.324212
-0.554556
-0.703398
0.23911
0.933107
0.292238
-0.805285
-0.75181
0.399535
0.974167
0.112045
-0.936303
-0.610528
0.638612
0.973473
-0.12183
-1.04492
-0.413897
0.864165
0.894336
-0.390177
-1.10568
-0.198887
1.00191
0.735228
-0.611568
-1.07204
0.00613559
1.01537
0.479713
-0.765057
-0.847732
0.337459
1.01176
0.19049
-0.884423
-0.635496
0.523686
0.854663
-0.0883302
-0.817562
-0.225104
0.732315
0.567798
-0.42548
-0.660604
0.230856
0.817002
0.142008
-0.757012
-0.45142
0.637225
0.830665
-0.210609
-0.918616
-0.189662
0.929431
0.772474
-0.459188
-0.955584
0.0304109
1.05379
0.589715
-0.701734
-0.922292
0.270113
1.13584
0.382126
-0.924304
-0.879706
0.456062
1.11483
0.122172
-1.05664
-0.684602
0.693613
1.06246
-0.109068
-1.09513
-0.45246
0.854594
0.891978
-0.365624
-1.02765
-0.139655
0.922773
0.56544
-0.638132
-0.866182
0.179115
0.884001
0.215181
-0.758677
-0.546718
0.489423
0.729472
-0.186403
-0.8091
-0.127864
0.824284
0.542066
-0.573768
-0.798349
0.266367
1.05539
0.367491
-0.811042
-0.738285
0.491781
1.06232
0.105179
-0.99498
-0.616284
0.706028
1.03097
-0.155122
-1.14008
-0.46335
0.904393
0.954539
-0.388998
-1.14854
-0.210747
1.04332
0.776288
-0.61136
-1.08279
0.0394968
1.09034
0.531107
-0.775114
-0.882481
0.319288
0.996986
0.157267
-0.90738
-0.606505
0.575427
0.858616
-0.134315
-0.855292
-0.234606
0.724547
0.540887
-0.47632
-0.730725
0.162816
0.775456
0.128969
-0.760549
-0.460645
0.623631
0.816377
-0.233011
-0.941921
-0.181062
0.969589
0.789813
-0.489428
-0.989362
0.0295093
1.06406
0.576814
-0.741614
-0.966404
0.256865
1.16518
0.412713
-0.930754
-0.901207
0.45946
1.1443
0.136251
-1.09243
-0.735303
0.691116
1.10186
-0.0903416
-1.12239
-0.486585
0.855842
0.918889
-0.358688
-1.06427
-0.196113
0.894752
0.595402
-0.577305
-0.834346
0.169405
0.873182
0.218163
-0.766098
-0.564266
0.490602
0.745216
-0.18772
-0.82963
-0.148048
0.811037
0.534714
-0.573768
-0.787321
0.286065
1.06565
0.355562
-0.831017
-0.739464
0.517444
1.08868
0.102543
-1.01586
-0.620168
0.722466
1.03319
-0.180299
-1.16248
-0.464875
0.902035
0.93276
-0.41896
-1.17566
-0.242167
1.01488
0.769144
-0.61247
-1.10519
0.00731468
1.07918
0.541997
-0.771785
-0.905785
0.288562
0.985056
0.152759
-0.935332
-0.665737
0.504058
0.798899
-0.168924
-0.867846
-0.234953
0.736685
0.571196
-0.43734
-0.699167
0.185704
0.796263
0.143811
-0.759925
-0.472297
0.618499
0.840653
-0.188067
-0.920836
-0.200135
0.954261
0.811938
-0.460922
-0.994078
0.000240146
1.03624
0.552262
-0.770675
-0.995812
0.22933
1.12932
0.363538
-0.97986
-0.922986
0.478118
1.17094
0.126819
-1.12891
-0.756318
0.693128
1.09804
-0.108513
-1.13141
-0.474794
0.87013
0.91771
-0.363335
-1.04291
-0.142984
0.938586
0.578201
-0.645415
-0.886365
0.160874
0.87339
0.208106
-0.767554
-0.547828
0.51245
0.764359
-0.174542
-0.831919
-0.161364
0.811869
0.556492
-0.556359
-0.791136
0.272055
1.05095
0.335517
-0.850299
-0.745013
0.520149
1.09117
0.114404
-0.989986
-0.600817
0.718721
1.02459
-0.166705
-1.13959
-0.462379
0.903907
0.969589
-0.381854
-1.1853
-0.259298
1.04124
0.81395
-0.581258
-1.06746
0.0645351
1.11802
0.523547
-0.833445
-0.959676
0.276632
1.00725
0.183276
-0.910085
-0.63841
0.560099
0.891562
-0.0905496
-0.852726
-0.252848
0.739459
0.58597
-0.443374
-0.715744
0.185704
0.810204
0.151926
-0.761798
-0.469661
0.626059
0.825671
-0.230584
-0.947816
-0.184599
0.981935
0.822828
-0.448646
-0.963422
0.0356128
1.07189
0.588813
-0.757706
-1.01315
0.215112
1.13799
0.382542
-0.962381
-0.903427
0.506693
1.20887
0.170722
-1.08209
-0.71401
0.717334
1.09804
-0.126408
-1.16102
-0.511623
0.838433
0.903352
-0.369785
-1.06607
-0.181478
0.919929
0.598801
-0.614828
-0.884423
0.146933
0.888718
0.246739
-0.761936
-0.586599
0.477147
0.757076
-0.170242
-0.825885
-0.153804
0.809233
0.531385
-0.603869
-0.850299
0.225862
1.04068
0.357643
-0.819157
-0.725246
0.523339
1.0823
0.0974109
-1.00961
-0.613995
0.715253
1.0241
-0.17371
-1.15006
-0.458703
0.921871
0.969035
-0.406407
-1.18884
-0.229127
1.049
0.756313
-0.670938
-1.13432
0.0277753
1.09936
0.528541
-0.805771
-0.928604
0.29307
1.00274
0.164966
-0.925968
-0.644444
0.547545
0.857437
-0.121969
-0.850715
-0.242999
0.716155
0.552539
-0.445525
-0.710056
0.155256
0.764844
0.143811
-0.739811
-0.473337
0.583473
0.794529
-0.217614
-0.922292
-0.185362
0.963139
0.807638
-0.468205
-0.995396
0.00807761
1.05677
0.577369
-0.762283
-1.00844
0.217817
1.14312
0.405847
-0.937551
-0.914108
0.462581
1.17156
0.157059
-1.09791
-0.750631
0.677522
1.07189
-0.142499
-1.16075
-0.485059
0.873528
0.925824
-0.351059
-1.03618
-0.152833
0.927212
0.592559
-0.611915
-0.865349
0.166908
0.878037
0.192154
-0.818602
-0.59735
0.499272
0.777329
-0.155746
-0.819642
-0.167398
0.795431
0.556354
-0.538048
-0.788847
0.24119
1.0198
0.337598
-0.828728
-0.738355
0.497746
1.05004
0.0808343
-0.991651
-0.577791
0.72635
0.995599
-0.200482
-1.13959
-0.445178
0.894128
0.933454
-0.394685
-1.1466
-0.208805
1.04193
0.762139
-0.630433
-1.08397
0.051912
1.08958
0.51349
-0.794812
-0.902456
0.297925
0.981242
0.148944
-0.914732
-0.616909
0.578271
0.898705
-0.0805621
-0.845027
-0.264777
0.717126
0.580352
-0.42548
-0.691885
0.202003
0.823452
0.168988
-0.752018
-0.482839
0.600812
0.814088
-0.22344
-0.929852
-0.162197
0.985611
0.781074
-0.518489
-1.01156
0.0285383
1.07252
0.564954
-0.782258
-0.996436
0.266783
1.18529
0.405569
-0.956555
-0.908143
0.488521
1.17537
0.124599
-1.13654
-0.76589
0.688342
1.10213
-0.103866
-1.13272
-0.471256
0.888094
0.941777
-0.350573
-1.05733
-0.179814
0.913409
0.58805
-0.623151
-0.882342
0.159625
0.891908
0.225377
-0.782674
-0.576958
0.503572
0.76963
-0.177525
-0.839617
-0.158382
0.821787
0.554689
-0.580495
-0.827827
0.241329
1.03069
0.324975
-0.839063
-0.71942
0.515779
1.04033
0.0594026
-1.01287
-0.600956
0.719969
1.02688
-0.150267
-1.10568
-0.428393
0.915421
0.962168
-0.371728
-1.1441
-0.239184
0.993449
0.742025
-0.603453
-1.0547
0.036237
1.04339
0.484013
-0.791275
-0.887613
0.309647
1.00274
0.177242
-0.913969
-0.648328
0.553579
0.892463
-0.0863882
-0.844403
-0.252709
0.713589
0.555244
-0.441016
-0.687376
0.202835
0.807499
0.155672
-0.737106
-0.445386
0.629943
0.818944
-0.241542
-0.971814
-0.215256
0.958215
0.799939
-0.472574
-0.962381
0.0702919
1.09388
0.557047
-0.813053
-1.03174
0.250415
1.19306
0.415071
-0.96682
-0.934569
0.464038
1.16227
0.116831
-1.15076
-0.789888
0.665731
1.09277
-0.100815
-1.12565
-0.471326
0.872141
0.915559
-0.375681
-1.07578
-0.190079
0.907306
0.583681
-0.620862
-0.872771
0.16885
0.892671
0.220244
-0.782466
-0.576126
0.486857
0.747158
-0.169965
-0.80154
-0.134731
0.80209
0.530691
-0.550741
-0.766514
0.265604
1.01883
0.320189
-0.838646
-0.720044
0.547823
1.10921
0.118288
-0.982426
-0.576057
0.741748
1.02598
-0.170797
-1.1217
-0.435814
0.899954
0.939488
-0.380883
-1.12315
-0.188691
1.04054
0.72961
-0.686891
-1.14278
0.0127246
1.07501
0.511063
-0.789472
-0.87936
0.331633
1.00101
0.147071
-0.927286
-0.631474
0.559475
0.866593
-0.11212
-0.835872
-0.217891
0.739043
0.549834
-0.46439
-0.697711
0.22066
0.835035
0.157961
-0.77345
-0.496433
0.595818
0.811175
-0.223579
-0.928257
-0.158174
1.00552
0.815892
-0.500317
-1.02349
0.0105051
1.06634
0.570017
-0.779137
-1.03174
0.178837
1.0986
0.377826
-0.938037
-0.895728
0.473332
1.16296
0.144713
-1.10283
-0.752781
0.67454
1.07543
-0.1219
-1.12995
-0.460853
0.889203
0.936922
-0.351406
-1.05768
-0.193963
0.885527
0.565786
-0.630849
-0.88581
0.147487
0.866731
0.207205
-0.763532
-0.529587
0.539916
0.790784
-0.147631
-0.811458
-0.169063
0.777953
0.532911
-0.554625
-0.789055
0.268725
1.06433
0.366104
-0.8177
-0.716299
0.532772
1.0739
0.0788923
-1.0187
-0.612747
0.717611
1.02521
-0.178843
-1.16928
-0.487139
0.893295
0.952527
-0.395171
-1.16858
-0.245426
1.01023
0.764012
-0.612955
-1.09173
0.0344337
1.10359
0.544147
-0.794535
-0.929436
0.295151
1.01793
0.170584
-0.950937
-0.68266
0.524033
0.855842
-0.111218
-0.83934
-0.231208
0.72753
0.551499
-0.455998
-0.707768
0.175786
0.777051
0.125293
-0.770398
-0.478816
0.612048
0.831705
-0.202424
-0.934916
-0.203465
0.95551
0.79883
-0.48492
-0.999557
0.0277753
1.07869
0.585831
-0.750354
-0.976947
0.258738
1.17239
0.411395
-0.954128
-0.944834
0.425614
1.14014
0.146031
-1.08667
-0.733291
0.6907
1.09464
-0.105392
-1.14257
-0.511345
0.826018
0.887539
-0.375612
-1.04714
-0.152417
0.925616
0.580421
-0.620446
-0.847386
0.203182
0.903422
0.212476
-0.779761
-0.553307
0.523894
0.785166
-0.154914
-0.822902
-0.179051
0.761584
0.501075
-0.586599
-0.805146
0.252773
1.03666
0.352025
-0.808545
-0.716021
0.511895
1.06073
0.0892266
-1.00351
-0.609973
0.716155
1.03375
-0.156162
-1.13342
-0.453917
0.896763
0.925755
-0.423122
-1.17316
-0.217336
1.05511
0.791408
-0.607892
-1.09375
0.0135569
1.05594
0.501006
-0.810071
-0.937551
0.280308
1.03992
0.272679
-0.840034
-0.697017
0.405985
0.845577
0.083678
-0.681134
-0.404465
0.375676
0.544077
0.0186201
-0.362434
-0.171144
0.158932
0.189102
0.0462939
-0.00967807
-0.0134234
-0.0610031
-0.0453975
0.0965786
0.175924
0.0532991
-0.116282
-0.123356
0.00918734
0.112531
0.107953
0.0369306
-0.041236
-0.0762619
-0.0189721
0.0940817
0.11475
-0.00655695
-0.107612
-0.0555932
0.047473
0.0397743
-0.0422764
-0.0488654
0.0256946
0.0469182
-0.0306242
-0.0801459
-0.00329712
0.104624
0.0899896
-0.0295145
-0.0780652
0.0158457
0.116762
0.0997691
0.00648238
-0.0573271
-0.0544834
-0.00981678
0.035266
0.045531
0.0327691
0.0306884
0.0240993
-0.0175849
-0.0589917
-0.0318033
0.0420631
0.063148
0.00842441
-0.0451201
-0.0393633
0.00107244
0.0225735
0.0141811
-0.00121638
-0.00856834
-0.000522794
0.0297174
0.0597494
0.0559347
0.0311739
0.0134875
0.00370805
-0.00149381
0.00204346
0.0238219
0.0592639
0.0703612
0.0284689
-0.0271563
-0.0203592
0.0466407
0.0834699
0.0393581
-0.0335373
-0.053235
-0.0142557
0.0200072
0.0231977
0.0243768
0.0388726
0.0467101
0.0331159
0.00502586
-0.021677
-0.0152267
0.0331159
0.0698757
0.0447681
-0.0103716
-0.0241046
0.00759211
0.0236832
-0.00378263
-0.032913
-0.0129379
0.0347805
0.0478892
0.0216025
-0.00274225
-0.00274225
0.0201459
0.0432422
0.0286076
-0.0198044
-0.0323582
0.0211169
0.0731355
0.0558654
-0.0061408
-0.0293758
0.0128633
0.0597494
0.0524668
0.00655174
-0.0107184
0.0177184
0.033324
0.00239025
-0.0398489
-0.0423457
0.00239025
0.0458778
0.0365144
-0.0111346
-0.0212609
0.0309658
0.064119
0.0155683
-0.0570497
-0.0689099
-0.0246594
0.017649
0.0238219
0.000240146
-0.0139783
0.00509521
0.0342256
0.0374161
0.00821633
-0.0114814
0.0134875
0.0476811
0.0413695
0.0079389
-0.00322776
0.0121697
0.0107132
-0.0192495
-0.0334679
-0.00503107
0.0326998
0.038942
0.0124472
-0.0129379
0.00232089
0.041647
0.0463633
0.00939542
-0.0220932
-0.0135621
0.0206314
0.0368612
0.0179265
-0.00836026
-0.00683438
0.0197298
0.0364451
0.0168861
-0.0263934
-0.043178
-0.00960871
0.0310352
0.0329078
0.0116149
0.0116149
0.0338095
0.041855
0.0218799
-0.00204867
0.00613559
0.0459472
0.0676563
0.0343643
-0.0200124
-0.0219545
0.0357515
0.0748695
0.0440051
-0.014117
-0.0301387
-0.00156317
0.0240993
0.0225041
0.00259832
-0.012175
-0.00905384
0.00322255
0.0133488
0.0150134
0.0188281
0.0383871
0.0502474
0.0222267
-0.0238271
-0.0292371
0.0116842
0.0393581
0.0156377
-0.0286128
-0.0390859
-0.018764
-0.0106491
-0.016822
-0.0134234
0.0019741
0.016678
0.0210476
0.0112681
-0.0101636
-0.0211915
-0.00745861
0.00426292
-0.0118975
-0.0295145
0.000517578
0.0630093
0.08562
0.0440745
-0.00579401
-0.0125218
0.00384677
0.0062743
-0.00170188
-0.00822155
-0.0129379
-0.0119669
0.000101429
0.00814697
-0.00496171
-0.0129379
0.00856312
0.0307577
0.0229896
-0.00288097
-0.0146025
-0.00523915
0.00266768
-0.00170188
-0.0031584
0.0116842
0.0297867
0.0332546
0.0214637
0.000725653
-0.015088
-0.0140476
-0.00378263
-3.72869e-05
-0.0031584
0.0118923
0.0459472
0.0539927
0.0194523
-0.0115507
0.0011418
0.0329772
0.0358209
0.00141923
-0.0353406
-0.0322195
0.00745339
0.0317287
0.0163312
-0.00621016
0.00169667
0.0331159
0.0480279
0.0201459
-0.0234803
-0.0227174
0.0243074
0.050178
0.0229203
-0.0204286
-0.0353406
-0.0184866
-3.72869e-05
-0.00246482
-0.0120362
-0.000384078
0.0236832
0.0268043
0.00537265
-0.0201511
-0.0214689
0.0122391
0.0420631
0.0191749
-0.0352019
-0.0462298
-0.00343584
0.0231977
-0.000245361
-0.0302774
-0.0188333
0.022088
0.0492763
0.045531
0.0236138
0.0173716
0.0405372
0.0561428
0.0351273
-0.00447621
-0.0275031
-0.0157122
0.0189668
0.0347111
0.00932606
-0.00808283
0.0152909
0.0297174
0.00717596
-0.0100249
0.00731468
0.0307577
0.0243768
-0.00634888
-0.0329824
-0.027087
0.0145279
0.0440745
0.0212557
-0.0189721
-0.0218157
0.0019741
0.00773082
-0.0145331
-0.0339534
-0.00940063
0.0471262
0.0702225
0.037208
-0.0026729
-0.00607144
0.0103664
0.0124472
-0.00343584
-0.0268095
-0.0388085
-0.0201511
0.0157764
0.0272205
0.00460971
-0.00676503
0.0102971
0.0141811
-0.0123137
-0.0340921
-0.0171687
0.0236138
0.0453923
0.0300641
-0.004823
-0.0233416
-0.0130766
-0.000869585
-0.00960871
-0.0279886
-0.0222319
0.0157764
0.0480279
0.0402598
0.00245961
-0.020706
-0.000106645
0.0346418
0.0342256
0.0019741
-0.0161284
-0.004823
0.0108519
0.00322255
-0.0277805
-0.0397795
-0.0100942
0.0179958
0.00703724
-0.0154348
-0.00218739
0.0344337
0.0399824
0.00467907
-0.0340228
-0.0447039
-0.0245901
0.000656294
-0.000245361
-0.0200818
-0.012383
0.0330465
0.0637028
0.0391501
-0.010441
-0.0204979
0.0211863
0.0582929
0.0474037
0.0124472
-0.000384078
0.00807761
0.0103664
0.00405484
0.00218217
0.0182733
0.0442826
0.0415776
-0.000106645
-0.0304161
-0.00704246
0.0397743
0.0565589
0.038942
0.0163312
0.0106439
0.0218799
0.032561
0.018412
-0.0247981
-0.0494203
-0.0227174
0.0124472
0.0148747
-0.0039907
-0.0169607
-0.0129379
-0.00114702
0.00336126
0.00232089
0.0112681
0.0235445
0.0151521
-0.0114814
-0.0257692
-0.00634888
0.0286076
0.0424099
0.0204927
-0.018764
-0.0261159
0.0195217
0.0618302
0.0451149
-0.0031584
-0.0129379
0.02403
0.0487908
0.0284689
-0.00759732
-0.0126605
0.0186894
0.0458778
0.0351273
-0.000314719
-0.0152961
-0.00149381
0.000725653
-0.0242433
-0.0367971
-0.00121638
0.0453923
0.0454616
0.0123778
-0.00447621
0.013765
0.0438664
0.0396356
-0.0106491
-0.0558706
-0.0427619
0.0108519
0.0401904
0.0166087
-0.0259079
-0.0385311
-0.0198737
-0.00177124
-0.00350519
-0.0206367
-0.0183478
0.0167474
0.0314513
-0.00461492
-0.0342308
-0.00329712
0.0500393
0.0535072
-0.00246482
-0.057119
-0.048588
0.00766147
0.0419937
0.0238219
-0.0175155
-0.0315952
-0.00197931
0.0289544
0.0157764
-0.0245901
-0.0348551
-0.00301969
0.0255559
0.0211863
0.00384677
0.00960349
0.0367225
0.0485828
0.0321449
0.00620494
-0.00808283
-0.00246482
0.0172329
0.0254865
0.00537265
-0.0100249
0.00655174
0.0191749
-0.0039907
-0.0297919
-0.00870705
0.0410227
0.0550331
0.0261801
0.00294511
0.00967285
0.02403
0.0175103
-0.00412942
-0.0166139
-0.0100942
0.00814697
0.0211863
0.00592751
-0.0339534
-0.0476863
-0.00981678
0.0317287
0.0275672
-0.0091232
-0.0275725
-0.00877641
0.00995028
-0.010441
-0.0467847
-0.0333985
0.0346418
0.0789616
0.045531
-0.0241739
-0.0442878
0.00405484
0.0491376
0.0319368
-0.0200818
-0.0372826
-0.00731989
0.0198685
0.0123085
-0.0185559
-0.0378375
-0.0209141
0.0135569
0.021325
-0.00419877
-0.0137008
0.0143892
0.0363064
0.019383
-0.0169607
-0.0347857
-0.0238271
-0.00544722
-0.00170188
-0.0173768
-0.0215383
0.0124472
0.048444
0.0402598
0.00786954
0.00558072
0.038942
0.0598188
0.0320755
-0.0209141
-0.0357567
3.20712e-05
0.0274979
0.0146666
-0.00725053
-0.00516979
0.0183426
0.0417163
0.0396356
0.00835505
-0.00600209
0.0211169
0.0370693
0.00509521
-0.0296532
-0.0175155
0.0187588
0.0330465
0.0202846
-0.00385198
-0.0201511
-0.00891513
0.0200072
0.026943
-0.000730868
-0.0152961
0.0132795
0.039913
0.0200766
-0.0188333
-0.0164752
0.0256252
0.0423405
0.00662109
-0.0369358
-0.0426232
-0.0152961
0.0125165
0.0139037
-0.0103023
-0.0193188
0.0062743
0.0247236
0.00433228
-0.0309017
-0.0442878
-0.028266
0.00613559
0.0363064
0.033532
0.0141811
0.016678
0.0272898
0.0125165
-0.0130073
-0.00683438
0.0281915
0.042618
0.0173022
-0.00704246
0.00745339
0.0354047
0.0361677
0.0178571
0.00426292
0.00259832
0.0132795
0.0281221
0.0257639
0.00121116
-0.0106491
0.0149441
0.0508716
0.0560041
0.0236138
-0.00378263
0.00918734
0.0299948
0.012031
-0.0166832
0.00828569
0.0663384
0.0721645
0.0119617
-0.0428313
-0.0354793
0.0155683
0.0525362
0.0422712
0.000240146
-0.0189721
0.0124472
0.0487908
0.0388726
0.000378862
-0.0116895
0.014736
0.0359596
0.016678
-0.0189027
-0.0189721
0.0138343
0.0266656
-0.00440685
-0.0447733
-0.0431087
-0.00204867
0.0252091
0.0102971
-0.0166139
-0.00489236
0.0376935
0.0500393
0.0112681
-0.0367277
-0.0440797
-0.00683438
0.0317287
0.0341563
0.00967285
0.000933727
0.0238913
0.0434503
0.0294399
0.00315319
0.0041242
0.029648
0.0444906
0.030619
-0.00142445
-0.0201511
-0.00572465
0.0156377
-0.000314719
-0.0463685
-0.0559399
-0.0010083
0.0548944
0.047473
-0.000384078
-0.0209834
-0.000869585
0.0172329
0.00592751
-0.017793
-0.0109959
0.0331159
0.0616221
0.0385258
-0.0082909
-0.0244513
0.00266768
0.0259027
0.00669045
-0.029029
-0.0308323
0.00537265
0.0349886
0.0212557
-0.0220932
-0.0392246
-0.00225675
0.0400517
0.02403
-0.0331905
-0.0481025
-0.00447621
0.021325
-0.00503107
-0.0322195
-0.0215383
0.0041242
0.0122391
-0.00489236
-0.032705
-0.03
0.0180652
0.0532991
0.0245848
-0.0299306
-0.0404037
-0.00683438
0.0179265
0.00946478
-0.0039907
0.0208395
0.0648126
0.0626625
0.0113374
-0.033676
-0.0374907
-0.00794411
0.0240993
0.0252784
-0.0109959
-0.0379068
-0.0146719
0.0258333
0.0308271
0.0071066
0.00183538
0.0237526
0.0363757
0.0148054
-0.0295145
-0.0523333
-0.0251449
0.0182733
0.0311045
0.0136956
0.00301447
0.0207008
0.0422018
0.0324917
0.00315319
-0.004823
0.010089
0.0194523
0.0117536
-0.0120362
-0.0301387
-0.0130766
0.0191056
0.0159844
-0.0204286
-0.0333292
-0.00725053
0.0143892
0.0114068
0.000933727
-0.0031584
0.00176602
0.0150828
0.0207702
0.000933727
-0.0161284
0.00551136
0.0403291
0.0402598
0.00419356
-0.0195963
-0.00468428
0.0150828
0.00682917
-0.0118282
-0.00392134
0.0265269
0.0322142
-0.00731989
-0.0467847
-0.0274337
0.0285383
0.0422712
0.00405484
-0.0245207
-0.0091232
0.0275672
0.0460859
0.0297174
-0.00253418
-0.00981678
0.0146666
0.0310352
0.0182039
0.00183538
0.00946478
0.0274285
0.0249316
-0.00149381
-0.0268789
-0.0142557
0.034295
0.0591252
0.0211169
-0.0325663
-0.0256998
0.0316594
0.0535765
0.0049565
-0.0596853
-0.0706439
-0.0288209
0.00433228
-0.00419877
-0.0267402
-0.023411
0.00204346
0.0164699
0.00904863
-0.00190996
0.00766147
0.0278447
0.0241687
-0.00690374
-0.0340228
-0.0252836
0.0162619
0.0494151
0.0401904
0.000656294
-0.0184866
0.00447099
0.0313819
0.0226428
-0.0134928
-0.0215383
0.0178571
0.0382484
-0.00066151
-0.0391553
-0.0175849
0.0308964
0.0421325
0.01106
-0.0228561
-0.0277112
-0.0091232
0.00481778
-0.00343584
-0.0256998
-0.0213996
0.0225735
0.0478198
0.0179265
-0.0202899
-0.0147412
0.0202846
0.0340869
0.00571944
-0.0332598
-0.0318033
0.00946478
0.0361677
0.0150828
-0.0295839
-0.043941
-0.0149493
0.0131408
0.00724532
-0.0156429
-0.0107184
0.0287463
0.0488602
0.0168167
-0.0313178
-0.0493509
-0.0338841
-0.00919256
0.000101429
-0.012175
-0.0153654
0.01106
0.0319368
0.00904863
-0.0315259
-0.0302081
0.00370805
0.00974221
-0.0108572
-0.0151574
-0.00149381
0.00460971
-0.00475364
-0.0254917
-0.0441491
-0.0324275
0.00842441
0.0349192
0.0207008
-0.00683438
0.00155795
0.0419244
0.0618995
0.0398436
0.00044822
-0.0168913
0.00467907
0.0333933
0.0202846
-0.0297919
-0.0481718
-0.00433749
0.043589
0.0386646
0.00322255
-0.00225675
0.0271511
0.0392194
0.0092567
-0.0262547
-0.0155735
0.0305496
0.0476811
0.017441
-0.0169607
-0.0195963
0.00454035
0.0310352
0.0373467
0.0159151
-0.00295033
0.0112681
0.0355434
0.0304803
-0.00385198
-0.028058
-0.0148799
0.0144586
0.017649
-0.0112733
-0.0264627
-0.00385198
0.0166087
0.000309504
-0.0332598
-0.0445652
-0.0271563
-0.0102329
-0.0150186
-0.0279886
-0.0233416
-0.00870705
-0.0132153
-0.0336066
-0.0410279
-0.0211915
0.00571944
0.00606623
-0.0247981
-0.0566335
-0.0556625
-0.026324
-0.00704246
-0.0207754
-0.0529575
-0.0630838
-0.0336066
-0.000869585
-0.00849898
-0.0464379
-0.0611418
-0.0349938
-0.00940063
-0.0159203
-0.0344389
-0.0301387
-0.0105104
-0.00794411
-0.0279193
-0.0511542
-0.0510155
-0.0211222
0.00315319
-0.0086377
-0.0397795
-0.0533737
-0.0392246
-0.0181398
-0.0147412
-0.0294451
-0.0331905
-0.016822
-0.00704246
-0.0149493
-0.027087
-0.0307629
-0.0238271
-0.013146
-0.000453436
0.0107132
0.00592751
-0.0102329
-0.0108572
0.00682917
0.013765
-0.000592152
-0.00662631
0.0128633
0.0329078
0.0327691
0.0218105
0.0122391
0.00717596
0.00558072
0.00155795
-0.00836026
-0.0159897
-0.0124524
-0.00759732
-0.013146
-0.0191108
-0.0107878
0.000795011
-0.00378263
-0.011412
-0.00218739
0.00551136
-0.0039907
-0.0100249
0.00169667
0.0189668
0.0298561
0.028677
0.0164699
0.00634366
0.00370805
-0.00149381
-0.0109265
-0.0176543
-0.0164752
-0.00239546
0.0172329
0.0181345
-0.00343584
-0.0180704
-0.0108572
-0.000522794
-0.00461492
-0.0177236
-0.0218157
-0.0091232
0.00752275
0.0142505
0.0141118
0.0118923
-0.000730868
-0.0213302
-0.0255611
-0.00406006
0.0195911
0.0205621
0.00530329
0.000517578
0.013002
0.0209782
0.010089
-0.00496171
-0.00204867
0.0111987
0.00675981
-0.0110652
-0.013146
-0.00218739
0.00121116
0.00294511
0.0105051
0.0103664
0.00308383
0.00128052
-0.00308904
-0.0109265
0.000933727
0.0289544
0.0390113
0.0274979
0.0209089
0.020354
0.00911799
-0.00128573
0.0140424
0.0439358
0.0510797
0.0274979
0.00211282
-0.000730868
0.0157764
0.0303416
0.0279834
0.0148747
0.00287575
-0.00655695
-0.0102329
0.0028064
0.0262494
0.034295
0.0193136
-0.00149381
-0.010441
-0.00406006
0.00044822
-0.00988614
-0.0171687
-0.0102329
-0.00884577
-0.016059
-0.0130766
0.000656294
0.0138343
0.019383
0.014736
0.0102277
0.0177184
0.0260414
0.0161925
-0.00322776
-0.00877641
-0.00523915
-0.0111346
-0.017793
-0.00849898
0.00800826
0.018412
0.0274979
0.0378323
0.041647
0.0347805
0.0182039
0.00128052
-0.00301969
0.00356934
0.00752275
0.00107244
-0.00683438
-0.00197931
0.0092567
0.0126553
0.0150134
0.0250704
0.027914
0.0143198
0.00044822
-0.00641824
-0.0139783
-0.0157122
-0.00953935
-0.00579401
0.00384677
0.0182733
0.00682917
-0.0265321
-0.0394327
-0.0202205
0.00897927
0.0297174
0.0305496
0.0166087
0.0150828
0.029648
0.0279834
0.00890991
0.00419356
0.00995028
0.00370805
-0.00468428
-0.00607144
-0.0118975
-0.0175849
-0.00877641
0.00565008
0.0125859
0.0154989
0.0168167
0.0125859
0.00717596
0.00405484
-0.00197931
-0.00822155
-0.00371327
0.0087712
0.0115455
-0.00253418
-0.0176543
-0.0158509
-0.00274225
0.00655174
0.0132101
0.018412
0.0103664
-0.00406006
-0.00440685
0.00245961
0.000864369
-0.00426813
-0.0110652
-0.0221625
-0.0236884
-0.00551658
0.023059
0.0433115
0.0376935
0.0151521
0.00807761
0.0202846
0.0225041
0.0111294
0.00890991
0.0170942
0.016678
0.00467907
0.000864369
0.01106
0.0118923
0.000517578
0.00606623
0.0235445
0.0215331
0.00960349
0.00800826
-0.00156317
-0.0241739
-0.0238965
0.00620494
0.0202846
-0.00246482
-0.0237578
-0.0148799
0.00454035
0.0164699
0.0285383
0.0385952
0.0308271
0.0127246
0.0092567
0.0123778
-0.00815219
-0.0379762
-0.035618
-0.00856834
0.00190474
-0.00593273
-0.00190996
0.0149441
0.0167474
-0.00197931
-0.0148799
-0.00683438
0.0107132
0.0293012
0.0415776
0.0304803
0.00488714
-0.0026729
0.00807761
0.012031
0.00717596
0.00835505
0.0150828
0.0167474
0.00988093
-0.00260354
-0.0112733
-0.00246482
0.0161925
0.019383
0.00967285
0.0101584
0.0124472
-0.00149381
-0.0101636
0.0057888
0.0197298
0.0118923
0.00190474
-0.000314719
-0.00281161
0.00356934
0.0238913
0.0332546
0.0218799
0.00988093
0.00613559
0.00849376
0.0168861
0.021325
0.0173022
0.0156377
0.0163312
0.00981157
0.00232089
0.00620494
0.0132795
0.00682917
-0.00301969
0.0062743
0.023267
0.0171635
-0.00295033
-0.00177124
0.012794
0.00689853
-0.00946999
-0.00322776
0.0209782
0.0336014
0.0290238
0.0288851
0.0360983
0.0272205
0.00433228
-0.00489236
-0.000384078
-0.000176003
0.000933727
0.00918734
0.0104358
0.00252896
-0.000800226
0.00537265
0.0182733
0.0288851
0.021325
-0.00426813
-0.0211915
-0.012383
0.00287575
0.00204346
-0.00676503
-0.00953935
-0.00898449
-0.00738925
-0.00211803
0.00398548
0.00717596
0.00689853
0.00662109
0.012794
0.0210476
0.0141118
-0.014117
-0.0369358
