-0.0148426
0.00651966
0.0259399
0.0104037
-0.0188654
-0.0116522
0.0235818
0.0374534
0.0124845
-0.0191428
-0.016646
0.0191428
0.048412
0.0345403
-0.0155362
-0.0559027
-0.0547929
-0.0221946
0.0208074
0.0528509
0.0486894
0.0126232
-0.0138716
-0.0141491
-0.0144265
-0.0271884
-0.0253851
0.0105424
0.0443892
0.0255238
-0.0246915
-0.0454989
-0.0324596
-0.0227495
-0.023443
-0.0226108
-0.0220559
-0.0273271
-0.028853
-0.0206687
-0.010265
0.00887784
0.0427246
0.0542381
0.0191428
-0.0216397
-0.0325983
-0.0302401
-0.0294078
-0.0178944
0.0016646
0.00998757
0.00208074
-0.00665838
-0.00568737
-0.00762939
-0.0208074
-0.0241366
0.000554865
0.0389793
0.0633933
0.0651966
0.0489668
0.0174782
-0.0178944
-0.0405051
-0.0362049
-0.00277433
0.0388406
0.0722712
0.091414
0.0696356
0.00346791
-0.047441
-0.0395341
0.00374534
0.0302401
0.011236
-0.0149814
0.00388406
0.0396729
0.0331532
-0.0142878
-0.0538219
-0.0481345
-0.0119296
0.00235818
-0.0199751
-0.0320435
-0.0130393
-0.000277433
-0.00915527
-0.0109586
0.0051325
0.0263561
0.0485507
0.0700517
0.0750455
0.0561801
0.0341242
0.0233043
0.00305176
-0.0282981
-0.0281594
0.00527122
0.0148426
-0.00707453
-0.0123457
0.00332919
0.00319047
-0.00873912
0.00499379
0.0406439
0.0492443
0.0109586
-0.0362049
-0.0441118
-0.0059648
0.040089
0.0504927
0.023443
-0.00984885
-0.0199751
0.00124845
0.0233043
0.00457764
-0.0363437
-0.0453602
-0.0183105
0.00402277
-0.000971014
-0.0180331
-0.0159524
0.00638095
0.0259399
0.0339855
0.0364824
0.0393954
0.0363437
0.00971014
-0.0153975
0.00749068
0.0514637
0.070884
0.0828136
0.0880848
0.0499379
-0.00305176
0.0051325
0.0595093
0.0664451
0.0216397
0.0138716
0.0485507
0.0557639
0.040089
0.0357888
0.0210849
-0.0144265
-0.0377308
-0.0306563
-0.0043002
0.0160911
0.00638095
-0.0295466
-0.0539606
-0.0345403
0.0116522
0.0385631
0.0313499
0.00957142
-0.0043002
0.00665838
0.0313499
0.0385631
0.0346791
0.051325
0.0713002
0.049383
0.00582608
-0.0137329
-0.0145652
-0.00249689
0.0325983
0.0696356
0.0790683
0.0539606
0.00971014
-0.0169234
-0.00957142
0.00957142
0.0258012
0.038147
0.0374534
0.0245528
0.0117909
0.0127619
0.0291304
0.0323209
0.0067971
-0.0231656
-0.0378695
-0.0418923
-0.0489668
-0.0556252
-0.0360662
0.0105424
0.0407826
0.021501
-0.02053
-0.0248302
0.0206687
0.0578447
0.0403664
-0.00665838
-0.0389793
-0.0453602
-0.0181718
0.0303789
0.0427246
0.0190041
0.0396729
0.0976563
0.100153
0.0414762
-0.00735196
-0.0144265
0.00610352
0.0353726
0.0581221
0.0620062
0.0382857
-0.00665838
-0.0368985
-0.0287143
-0.00860041
-0.00693581
-0.0173395
-0.0235818
-0.0126232
0.0228882
0.0610352
0.0675548
0.0428633
0.0108199
-0.0141491
-0.0167847
0.0159524
0.0597867
0.0667225
0.031766
0.00610352
0.0119296
0.0126232
-0.0106812
-0.0305176
-0.0292691
-0.0196977
-0.00901656
0.0106812
0.0406439
0.0696356
0.0739358
0.0448054
0.0184493
0.02053
0.0302401
0.0277433
0.00915527
-0.0124845
-0.00790683
0.00790683
-0.00554865
-0.0212236
0.0173395
0.0785134
0.079207
0.0220559
-0.0181718
-0.0309337
-0.0470248
-0.0393954
-0.000138716
0.00124845
-0.042031
-0.0497991
-0.010265
0.0180331
0.0190041
0.00957142
0.000693581
0.00957142
0.0338468
0.0441118
0.0375921
0.038147
0.0479958
0.0424472
0.00776811
-0.0213623
0.00527122
0.0671387
0.0861428
0.0332919
-0.0346791
-0.0506314
-0.0196977
0.00693581
0.0191428
0.039118
0.0676935
0.0873912
0.0864202
0.0715776
0.0518799
0.0264948
0.0140103
0.0335693
0.051325
0.0294078
-0.00665838
-0.018588
-0.0123457
-0.00582608
0.00846169
0.0349565
0.0585383
0.0668612
0.0583995
0.0417536
0.0292691
0.0174782
0.00651966
0.0141491
0.0294078
0.0181718
-0.00277433
0.0105424
0.031766
0.0109586
-0.0227495
-0.0210849
-0.00138716
0.00873912
0.0216397
0.0392567
0.0402277
0.0289917
0.0242753
0.0230269
0.0127619
-0.00332919
-0.00443892
0.0144265
0.0190041
-0.0123457
-0.0367598
-0.00804554
0.0357888
0.0331532
0.00471635
0.00554865
0.0312112
0.0395341
0.017617
-0.00471635
-0.0067971
-0.00471635
0.00208074
0.0324596
0.0654741
0.0658902
0.0380083
0.00860041
-0.0137329
-0.028853
-0.0165072
0.0202526
0.0388406
0.026911
0.0134555
0.0156749
0.0253851
0.0270497
0.0127619
-0.00971014
-0.0158137
0.00762939
0.0310724
0.0160911
-0.0170621
-0.0113747
0.0348178
0.0645031
0.0529896
0.0357888
0.0393954
0.0414762
0.0191428
-0.000138716
0.0162298
0.0445279
0.0579834
0.0597867
0.0491056
0.0337081
0.0251076
0.0152588
0.000971014
-0.00540993
0.000832298
0.00332919
-0.00624223
0.00443892
0.0352339
0.0331532
0.00984885
0.0165072
0.0316273
0.0221946
0.0145652
0.0302401
0.0509089
0.0572898
0.043002
0.00749068
-0.0321822
-0.0486894
-0.0380083
-0.0184493
0.00346791
0.0316273
0.0424472
0.0177557
0.00277433
0.0396729
0.0803167
0.0638095
0.0203913
0.00665838
0.00818426
-0.0123457
-0.0349565
-0.010265
0.0571511
0.0952981
0.0632546
0.0148426
0.00360662
0.00124845
-0.0159524
-0.00887784
0.0238592
0.0301014
0.0217785
0.0461925
0.0654741
0.0246915
-0.023443
-0.00846169
0.0302401
0.0281594
0.00138716
-0.00804554
0.00540993
0.0233043
0.0239979
0.00707453
0.00180331
0.0296853
0.0604803
0.0446666
-0.00124845
-0.0159524
0.000277433
0.00471635
0.00138716
0.0190041
0.0363437
0.0159524
-0.011236
-0.00402277
0.0162298
0.04106
0.0840621
0.103621
0.0722712
0.0396729
0.0353726
0.0231656
-0.00735196
-0.0221946
-0.00887784
0.0159524
0.0375921
0.0473022
0.04106
0.0339855
0.0448054
0.0592318
0.0416149
-0.00277433
-0.0206687
0.00568737
0.0348178
0.0409213
0.0338468
0.0194203
-0.00235818
-0.0256625
-0.0350952
-0.0167847
0.00485507
-0.000693581
-0.0142878
-0.0231656
-0.0353726
-0.0276045
0.00416149
0.0259399
0.0342629
0.0448054
0.0543768
0.0500766
0.0314886
0.0216397
0.0287143
0.0177557
-0.0137329
-0.00762939
0.0393954
0.0529896
0.0202526
0.00735196
0.0366211
0.0665838
0.0663064
0.042031
0.0158137
0.00832298
0.0235818
0.0402277
0.0320435
0.00610352
-0.00901656
0.000693581
0.0267722
0.0362049
0.000554865
-0.0454989
-0.032737
0.0313499
0.0564575
0.0140103
-0.0238592
-0.0239979
-0.021501
-0.0287143
-0.0314886
-0.0259399
-0.0167847
-0.00887784
0.00194203
0.0110973
0.00651966
0.0141491
0.0559027
0.0753229
0.0296853
-0.0117909
0.00818426
0.0345403
0.0328758
0.0356501
0.0284368
-0.018588
-0.0496604
-0.0133168
0.0384244
0.042031
0.0141491
-0.00416149
-0.00249689
0.00943271
0.00971014
-0.0119296
-0.0267722
-0.0191428
-0.019559
-0.0345403
-0.0235818
0.0233043
0.0583995
0.0514637
0.0363437
0.040089
0.0463312
0.0468861
0.0529896
0.0604803
0.0527122
0.0233043
-0.0137329
-0.0323209
-0.0201139
0.00721325
0.0167847
-0.00416149
-0.0267722
-0.016646
0.0228882
0.0581221
0.0582608
0.0274658
0.00485507
0.0134555
0.0374534
0.0486894
0.0384244
0.0177557
0.0113747
0.0348178
0.0604803
0.0489668
0.0140103
-0.00984885
-0.0144265
-0.00471635
0.00388406
0.00624223
0.0162298
0.0202526
0.00346791
-0.00360662
0.00388406
-0.0101263
-0.0306563
-0.0173395
0.00846169
0.0263561
0.0701904
0.123874
0.110834
0.0461925
0.0196977
0.037176
0.0471635
0.0481345
0.0497991
0.0316273
0.00804554
0.0163685
0.0352339
0.0216397
-0.00818426
-0.017617
-0.00582608
0.00568737
0.0109586
0.0241366
0.0387018
0.0271884
0.00568737
0.00762939
0.0169234
0.0255238
0.058677
0.0891946
0.0613126
0.000554865
-0.0280207
-0.023443
-0.0219172
-0.0282981
-0.0299627
-0.0263561
-0.00915527
0.0255238
0.0525735
0.0491056
0.0285756
0.0152588
0.00721325
-0.00332919
0.00693581
0.0473022
0.0714389
0.04106
-0.00762939
-0.0149814
-0.00305176
-0.022472
-0.0345403
0.00110973
0.0355114
0.0405051
0.0357888
0.0165072
-0.0043002
0.0141491
0.0395341
0.00638095
-0.0392567
-0.0181718
0.0210849
-0.000277433
-0.0355114
-0.0152588
0.0277433
0.0495217
0.0660289
0.0785134
0.0590931
0.0151201
-0.010265
-0.00235818
0.00346791
-0.0115134
-0.00957142
0.026911
0.0554865
0.049383
0.0312112
0.022472
0.0160911
0.00638095
0.0126232
0.0367598
0.0387018
0.00554865
-0.0101263
0.0306563
0.0810103
0.0667225
0.00693581
-0.0137329
0.0223333
0.0610352
0.0579834
0.0067971
-0.0454989
-0.0332919
0.0271884
0.0535445
0.0316273
0.0165072
0.0213623
0.0287143
0.0392567
0.0374534
0.0116522
-0.0110973
-0.0165072
-0.0145652
-0.0109586
-0.00124845
0.0292691
0.0668612
0.0633933
0.0256625
0.0110973
0.0271884
0.0477184
0.0646418
0.0610352
0.0258012
0.00346791
0.0230269
0.0398116
0.0377308
0.0575672
0.0800393
0.0482733
-0.0067971
-0.00984885
0.0417536
0.0844782
0.0713002
0.0167847
-0.0198364
-0.00554865
0.0190041
0.0108199
-0.00929399
-0.0106812
-0.00332919
-0.00860041
-0.0156749
0.00180331
0.0220559
-0.00249689
-0.0436956
-0.0399503
-0.010265
-0.013178
-0.0398116
-0.0244141
0.0414762
0.0654741
0.00305176
-0.0360662
0.0226108
0.077265
0.0438343
-0.0133168
-0.028853
-0.0106812
0.0183105
0.0282981
0.00360662
-0.0314886
-0.0502153
-0.0357888
0.0155362
0.0539606
0.0242753
-0.0359275
-0.0488281
-0.00860041
0.0353726
0.0561801
0.0624223
0.0568737
0.0342629
0.0165072
0.031766
0.0660289
0.0746294
0.0378695
-0.00665838
-0.0016646
0.049383
0.0857267
0.0762939
0.0435569
0.00638095
-0.0321822
-0.0529896
-0.0459151
-0.0273271
0.00499379
0.0581221
0.0921076
0.0658902
0.011236
-0.00319047
0.0248302
0.0395341
0.0292691
0.0162298
-0.00457764
-0.0296853
-0.0276045
0.00110973
0.0209462
0.0120683
-0.0246915
-0.0643643
-0.0547929
-0.00416149
0.0067971
-0.032737
-0.0554865
-0.0464699
-0.0356501
-0.0291304
-0.011236
0.0299627
0.0592318
0.0357888
0.0115134
0.0453602
0.0818426
0.0491056
-0.0110973
-0.0231656
0.000693581
0.00762939
-0.0116522
-0.0339855
-0.0345403
-0.00721325
0.0169234
0.0115134
-0.00998757
-0.0156749
0.0170621
0.0664451
0.0707453
0.0245528
-0.00457764
0.00152588
-0.00194203
-0.0144265
-0.00624223
0.00138716
-0.0104037
-0.00388406
0.0428633
0.0868364
0.079207
0.0273271
-0.0282981
-0.0520186
-0.0295466
0.00818426
0.0209462
0.0152588
0.0217785
0.0461925
0.0633933
0.0485507
0.0130393
-0.0184493
-0.0296853
-0.00194203
0.0396729
0.027882
-0.0223333
-0.0255238
0.0170621
0.0403664
0.0339855
0.018588
0.0101263
0.0152588
0.00860041
-0.0105424
0.00374534
0.0413374
0.0486894
0.0316273
0.0260787
0.0380083
0.0481345
0.0350952
0.0120683
0.0106812
0.0172008
0.00208074
-0.0104037
-0.00235818
-0.00873912
-0.0223333
0.000554865
0.037176
0.0454989
0.038147
0.0423085
0.0593706
0.062561
0.0323209
-0.00277433
-0.0124845
-0.0043002
0.0127619
0.0291304
0.019559
-0.02053
-0.0618675
-0.0713002
-0.0384244
0.0174782
0.0610352
0.0678323
0.0382857
-0.00388406
-0.0212236
-0.00665838
-0.00180331
-0.0156749
-0.000971014
0.0320435
0.0237205
-0.000277433
0.0180331
0.0362049
0.00249689
-0.0258012
0.0109586
0.0665838
0.0832298
0.0751842
0.0597867
0.0328758
0.0180331
0.0242753
0.0106812
-0.0356501
-0.0654741
-0.0499379
-0.0281594
-0.0306563
-0.0244141
0.00846169
0.0331532
0.0334306
0.0203913
0
-0.00901656
0.0133168
0.0418923
0.0325983
-0.000832298
-0.00776811
0.00527122
-0.0108199
-0.049383
-0.0518799
-0.00110973
0.0571511
0.0706066
0.0359275
-0.00568737
-0.0239979
-0.0192816
0.00194203
0.022472
0.0252464
0.0264948
0.0452215
0.0557639
0.0406439
0.0285756
0.0263561
0.00943271
-0.011236
-0.00319047
0.0289917
0.0454989
0.019559
-0.0172008
-0.0156749
0.00388406
-0.00624223
-0.0349565
-0.0448054
-0.0201139
0.0285756
0.0585383
0.0362049
-0.00846169
-0.019559
0.00332919
0.0203913
0.0169234
0.00846169
0.0151201
0.028853
0.016646
-0.0155362
-0.0238592
-0.0101263
-0.0116522
-0.0258012
-0.0242753
-0.000138716
0.0235818
0.0119296
-0.0310724
-0.047441
-0.0144265
0.0108199
-0.00485507
-0.0180331
-0.00360662
0.00651966
-0.00554865
-0.0258012
-0.0335693
-0.00873912
0.040089
0.0611739
0.0266335
-0.0217785
-0.0362049
-0.0183105
0.00901656
0.0302401
0.0332919
0.0119296
-0.0134555
-0.000138716
0.048412
0.06159
0.02053
0.00374534
0.0425859
0.0731035
0.0595093
0.028853
0.00624223
0.00277433
0.0155362
0.0230269
0.00984885
-0.0196977
-0.0466087
-0.0470248
-0.0203913
0.00540993
0.00471635
-0.0241366
-0.0540993
-0.0481345
-0.00721325
0.0198364
0.00540993
-0.0264948
-0.0378695
-0.0169234
0.00665838
0.00416149
0.00332919
0.0424472
0.0815652
0.0572898
0.000416149
-0.0332919
-0.0528509
-0.0453602
0.012207
0.0583995
0.0507702
0.029824
0.00957142
-0.0242753
-0.0423085
-0.0194203
0.0105424
0.00846169
-0.0113747
-0.0144265
-0.000277433
0.0153975
0.0313499
0.0406439
0.0295466
0.0016646
-0.0216397
-0.0274658
-0.0239979
-0.0113747
0.0251076
0.0581221
0.0414762
-0.00263561
-0.0216397
-0.0170621
-0.0177557
-0.0159524
0.000832298
0.00665838
-0.00707453
-0.00971014
-0.00110973
-0.00735196
-0.0180331
-0.00735196
0.0235818
0.0449441
0.0309337
0.00291304
0.0059648
0.0424472
0.0672774
0.0398116
-0.0163685
-0.0353726
-0.0051325
0.0263561
0.0362049
0.0375921
0.037176
0.0350952
0.029824
0.0156749
-0.00388406
-0.0173395
-0.0165072
-0.0101263
-0.0184493
-0.0346791
-0.0363437
-0.0366211
-0.0423085
-0.0127619
0.0468861
0.0696356
0.0403664
-0.00388406
-0.0393954
-0.0449441
-0.0165072
0.0140103
0.0378695
0.0645031
0.0731035
0.058677
0.0396729
0.00804554
-0.02053
0.00527122
0.0613126
0.0676935
0.0276045
-0.000554865
-0.00984885
-0.0016646
0.0382857
0.0717163
0.0658902
0.0554865
0.0446666
0.000138716
-0.0438343
-0.0294078
0.0221946
0.0461925
0.0183105
-0.0148426
-0.00374534
0.0273271
0.0289917
0.00305176
-0.0253851
-0.0441118
-0.0405051
-0.0123457
0.0117909
0.00263561
-0.0282981
-0.0366211
-0.00804554
0.0155362
0.0108199
0.00124845
-0.00749068
-0.0248302
-0.0382857
-0.0274658
-0.000832298
0.00887784
-0.00665838
-0.0309337
-0.0507702
-0.0395341
0.0120683
0.0506314
0.0406439
0.023443
0.0291304
0.0273271
0.00485507
-0.0129006
-0.0213623
-0.0249689
-0.00208074
0.0464699
0.0740745
0.0500766
0.00499379
-0.0059648
0.0255238
0.0546542
0.0457764
0.018588
0.0134555
0.0219172
0.0104037
-0.00499379
0.00402277
0.0126232
0.00152588
0.00915527
0.0461925
0.0542381
0.0217785
0.0113747
0.0294078
0.0266335
0.00832298
0.0116522
0.0280207
0.0217785
-0.0043002
0.00138716
0.0543768
0.0948819
0.0799006
0.0409213
0.0184493
0.0194203
0.0367598
0.0460538
0.0233043
-0.00554865
0.00374534
0.042031
0.0697743
0.0674161
0.0309337
-0.0165072
-0.0199751
0.0346791
0.088501
0.0871138
0.0392567
-0.0140103
-0.0346791
-0.00887784
0.0352339
0.0531283
0.0360662
0.0101263
0.00443892
0.0192816
0.0228882
0.00818426
0
-0.00208074
-0.00249689
0.0237205
0.0665838
0.0651966
0.00208074
-0.0525735
-0.0325983
0.0262174
0.0416149
0.00319047
-0.0332919
-0.0335693
-0.00971014
0.0192816
0.042031
0.0478571
0.0368985
0.0213623
0.0142878
0.0281594
0.0559027
0.0595093
0.0227495
-0.0067971
0.00305176
0.0203913
0.0355114
0.0739358
0.101124
0.0643643
0.00277433
-0.0198364
-0.0144265
-0.00790683
0.00762939
0.0276045
0.0321822
0.023443
0.0213623
0.0377308
0.0511863
0.0302401
-0.0130393
-0.0366211
-0.029824
-0.00221946
0.0398116
0.0715776
0.0617287
0.0228882
-0.00749068
-0.0113747
0.00374534
0.00971014
-0.00638095
-0.0148426
-0.000554865
0.022472
0.0499379
0.0649192
0.0370372
-0.0177557
-0.0518799
-0.0445279
-0.00776811
0.0292691
0.0362049
0.0142878
-0.000693581
0.0170621
0.049383
0.0457764
-0.000693581
-0.0227495
0.0067971
0.028853
0.0223333
0.0296853
0.0559027
0.067
0.0581221
0.0418923
0.0130393
-0.0253851
-0.0287143
0.0206687
0.0527122
0.0241366
-0.00249689
0.0167847
0.0466087
0.0571511
0.0535445
0.0446666
0.0341242
0.0174782
-0.000416149
-0.00443892
-0.00249689
-0.0138716
-0.0210849
0.00638095
0.0514637
0.0676935
0.0525735
0.0294078
-0.00416149
-0.0330145
-0.0233043
-0.0043002
-0.0181718
-0.0230269
0.0160911
0.0388406
0.0145652
-0.0051325
-0.000277433
0.00665838
0.012207
0.0120683
0.00221946
-0.00277433
-0.00263561
-0.00957142
-0.0192816
-0.0152588
0.0106812
0.0418923
0.0495217
0.028853
-0.00319047
-0.0228882
-0.00860041
0.0192816
0.0216397
0.0138716
0.0319047
0.0570124
0.0514637
0.0249689
0.0140103
0.0267722
0.0445279
0.042031
0.0115134
-0.0115134
0.00402277
0.0339855
0.0491056
0.0499379
0.0360662
0.0106812
-0.00832298
0.00416149
0.0454989
0.0518799
-0.000832298
-0.021501
0.0330145
0.060619
-0.00388406
-0.0696356
-0.0529896
-0.00402277
0.0043002
-0.0233043
-0.0424472
-0.0266335
0.00790683
0.029824
0.0356501
0.0436956
0.0649192
0.0722712
0.023443
-0.0518799
-0.0764327
-0.0360662
0.0221946
0.042031
0.000693581
-0.0416149
-0.0231656
0.0129006
0.00568737
-0.0178944
-0.0144265
-0.00263561
-0.00540993
0.00693581
0.0475797
0.0724099
0.0585383
0.0324596
0.00776811
-0.0180331
-0.0280207
-0.00665838
0.0245528
0.0235818
-0.0120683
-0.0252464
0.0199751
0.0786521
0.0940496
0.060619
0.012207
-0.00416149
0.0285756
0.0696356
0.0767101
0.0542381
0.0165072
-0.0267722
-0.0352339
0.0129006
0.0650579
0.0726873
0.0468861
0.00749068
-0.0292691
-0.0396729
-0.0163685
0.0295466
0.0749068
0.0926625
0.0696356
0.0201139
-0.0138716
0
0.0380083
0.0527122
0.0239979
-0.0251076
-0.0417536
0.000971014
0.0563188
0.0597867
0.0206687
-0.000832298
0.00984885
0.0219172
0.0227495
0.0262174
0.0377308
0.0460538
0.0435569
0.0382857
0.0344016
0.0233043
-0.00263561
-0.0341242
-0.0262174
0.038147
0.0796231
0.0423085
-0.00832298
-0.00915527
0.0152588
0.0262174
0.0196977
0.0108199
0.0163685
0.0330145
0.0423085
0.037176
0.0227495
0.00915527
-0.00208074
-0.0119296
-0.00540993
0.0159524
0.0277433
0.0291304
0.0387018
0.0543768
0.043002
-0.0113747
-0.0536832
-0.0325983
0.00554865
0.00790683
0.00263561
0.00901656
0.00554865
0.00194203
0.0198364
0.0413374
0.0452215
0.0331532
0.0120683
-0.0043002
-0.00485507
0.00790683
0.0312112
0.0416149
0.00527122
-0.047441
-0.0449441
0.0147039
0.0595093
0.04106
-0.00971014
-0.0295466
-0.00651966
0.0159524
0.0127619
0.000138716
-0.0119296
-0.0210849
-0.00638095
0.0266335
0.0432795
0.0536832
0.08212
0.0994596
0.080178
0.0392567
-0.0113747
-0.0463312
-0.0306563
0.00943271
0.0123457
-0.0196977
-0.0289917
0.00860041
0.0499379
0.0416149
-0.00971014
-0.042031
-0.0135942
0.0402277
0.0542381
0.0295466
0.0187267
0.0295466
0.0292691
0.0051325
-0.0228882
-0.0162298
0.0324596
0.0672774
0.0553478
0.0310724
0.0109586
-0.00984885
-0.000277433
0.0425859
0.0608964
0.0309337
-0.00651966
-0.021501
-0.0334306
-0.0534058
-0.0364824
0.0356501
0.0833685
0.0463312
-0.0149814
-0.0294078
-0.0137329
-0.00749068
-0.0238592
-0.0450828
-0.0356501
-0.00416149
0.0151201
0.0273271
0.0377308
0.0242753
-0.00665838
-0.0120683
0.0169234
0.0277433
-0.00749068
-0.0368985
-0.0209462
0.0106812
0.0362049
0.0663064
0.0932173
0.10376
0.100014
0.0767101
0.029824
-0.0116522
-0.0117909
0.0212236
0.0543768
0.0737971
0.0855879
0.0890558
0.0724099
0.0309337
-0.00762939
-0.00180331
0.0263561
0.0188654
-0.00790683
-0.00221946
0.0237205
0.0203913
-0.0119296
-0.0163685
0.0209462
0.04106
0.02053
0.0153975
0.0482733
0.0590931
0.0217785
-0.00762939
0.00624223
0.0349565
0.0461925
0.0424472
0.0377308
0.0374534
0.0528509
0.0796231
0.0842008
0.0525735
0.0163685
0.00665838
0.0169234
0.0191428
0.00540993
-0.00568737
-0.00360662
0.0116522
0.0294078
0.0258012
0.00638095
0.00485507
0.0201139
0.0259399
0.0144265
-0.00540993
-0.0104037
0.0196977
0.0534058
0.0380083
-0.0138716
-0.0277433
0.0299627
0.0926625
0.0760165
0.000971014
-0.0373147
-0.0144265
-0.00707453
-0.0486894
-0.0704679
-0.0341242
0.010265
0.0235818
0.0180331
0.00235818
-0.0196977
-0.0284368
-0.0220559
-0.0149814
-0.00346791
0.0239979
0.0651966
0.088501
0.0611739
0.0109586
-0.00443892
0.0105424
0.00832298
-0.0140103
-0.0230269
-0.0172008
-0.0110973
0.00208074
0.023443
0.0295466
0.00735196
-0.0252464
-0.0435569
-0.0325983
0.00471635
0.0331532
0.0198364
-0.00901656
0
0.0385631
0.0428633
-0.00901656
-0.0604803
-0.0552091
-0.0127619
0.0123457
0.013178
0.0196977
0.0385631
0.0492443
0.0441118
0.0291304
0.00388406
-0.0156749
0.00790683
0.0631159
0.0817039
0.0473022
0.0130393
0.000693581
-0.00319047
0
-0.0016646
-0.0126232
-0.00194203
0.0299627
0.0305176
-0.00693581
-0.0289917
-0.00901656
0.0239979
0.0338468
0.0253851
0.0228882
0.0190041
0.00943271
0.023443
0.0536832
0.0517412
0.0246915
0.012207
0.00291304
-0.0116522
-0.00457764
0.0134555
0.0203913
0.0339855
0.053267
0.0531283
0.0349565
0.0126232
-0.0043002
-0.00374534
0.0172008
0.0516025
0.0822587
0.0750455
0.0296853
-0.0051325
-0.00929399
-0.00319047
0.00277433
-0.000693581
-0.0156749
-0.00582608
0.0292691
0.0330145
0.00707453
0.0124845
0.050354
0.0672774
0.0438343
0.00554865
-0.0184493
-0.0162298
0.00471635
0.0246915
0.0378695
0.0492443
0.0585383
0.0600641
0.0427246
0.00208074
-0.0432795
-0.0683871
-0.0574285
-0.0126232
0.0356501
0.0509089
0.0384244
0.0385631
0.0452215
0.0188654
-0.00638095
0.0282981
0.0749068
0.0529896
-0.00582608
-0.0245528
-0.00277433
0.0251076
0.0529896
0.0692194
0.0546542
0.0325983
0.0389793
0.0528509
0.0302401
-0.00638095
0.000832298
0.0368985
0.0357888
0.000138716
-0.00804554
0.0113747
0.00929399
-0.000138716
0.019559
0.0392567
0.0210849
-0.0219172
-0.0571511
-0.0563188
-0.0129006
0.0302401
0.0233043
-0.00887784
-0.00887784
0.0138716
0.0284368
0.0450828
0.0628385
0.0471635
-0.00374534
-0.0252464
0.0188654
0.060619
0.0448054
0.012207
-0.00110973
-0.00457764
0.010265
0.0467474
0.0595093
0.0190041
-0.023443
-0.0144265
0.0135942
0.00998757
-0.0059648
-0.000138716
0.0152588
0.0258012
0.0359275
0.037176
0.030795
0.0362049
0.0411987
0.0253851
0.00762939
-0.0016646
-0.00804554
-0.00124845
0.0115134
0.00693581
0.00194203
0.0162298
0.0155362
-0.00901656
-0.000277433
0.0506314
0.0736583
0.0387018
-0.00610352
-0.0201139
-0.00665838
0.00693581
-0.00499379
-0.0267722
-0.0148426
0.0184493
0.0217785
-0.00610352
-0.0201139
0.00124845
0.0267722
0.0190041
-0.00610352
-0.0163685
-0.0134555
-0.00110973
0.0203913
0.0301014
0.0191428
0.000416149
-0.0203913
-0.0323209
-0.0109586
0.031766
0.0585383
0.068942
0.0647805
0.032737
-0.00346791
-0.0162298
-0.0145652
0.00291304
0.0357888
0.0467474
0.0292691
0.0220559
0.0174782
-0.00721325
-0.00762939
0.0294078
0.0332919
-0.00249689
-0.00957142
0.0165072
0.0306563
0.0255238
0.0110973
-0.0156749
-0.0319047
0.00374534
0.0682484
0.0844782
0.0387018
-0.00138716
0.00693581
0.0375921
0.0438343
0.0177557
-0.0113747
-0.0202526
-0.00443892
0.0212236
0.0199751
-0.0105424
-0.0246915
-0.0067971
0.0167847
0.0330145
0.0385631
0.0280207
0.0108199
-0.00332919
-0.0156749
-0.0220559
-0.00818426
0.0364824
0.0883623
0.092385
0.0346791
-0.0262174
-0.0291304
0.0120683
0.0310724
0.00860041
-0.013178
-0.0180331
-0.019559
-0.0016646
0.0301014
0.0221946
-0.0142878
-0.00582608
0.0399503
0.0482733
0.00707453
-0.0295466
-0.0245528
0.00804554
0.0274658
0.012207
-0.0156749
-0.0253851
-0.022472
-0.0251076
-0.0280207
-0.0216397
-0.00693581
0.00790683
0.00818426
0.00263561
0.0119296
0.0221946
0.017617
0.0172008
0.0219172
0.00346791
-0.0338468
-0.0538219
-0.0446666
-0.0196977
0.00499379
0.0153975
0.0212236
0.0366211
0.0295466
-0.0223333
-0.0491056
0.00721325
0.0674161
0.0488281
0.00790683
0.0149814
0.037176
0.0406439
0.047441
0.0554865
0.0521573
0.0578447
0.0642256
0.0402277
0.00665838
-0.00554865
-0.00416149
0.0127619
0.0382857
0.0281594
-0.00291304
0.012207
0.0510476
0.0405051
-0.00665838
-0.0296853
-0.0177557
0.00374534
0.0158137
0.00901656
-0.0140103
-0.0355114
-0.0281594
0.0208074
0.0559027
0.00846169
-0.0721325
-0.079207
-0.0217785
0.0101263
0.00471635
0.0104037
0.0255238
0.0248302
0.0260787
0.0443892
0.0613126
0.0682484
0.0626998
0.0425859
0.0334306
0.0416149
0.0344016
0.0067971
-0.00499379
0.0172008
0.0482733
0.0538219
0.037176
0.0191428
-0.00651966
-0.031766
-0.0159524
0.0344016
0.067
0.0650579
0.0389793
-0.00124845
-0.0370372
-0.0478571
-0.0350952
-0.0180331
-0.00540993
0.0141491
0.0405051
0.0450828
0.0153975
-0.0153975
-0.0210849
-0.0110973
0.00804554
0.0346791
0.0441118
0.0251076
0.00693581
0.0130393
0.028853
0.0363437
0.0355114
0.0291304
0.0258012
0.0332919
0.0226108
-0.0223333
-0.0461925
-0.0120683
0.0255238
0.0170621
-0.00291304
0.0115134
0.0334306
0.0217785
0.000554865
0.00693581
0.0310724
0.0520186
0.067
0.0682484
0.0425859
0.0110973
0.000277433
-0.00887784
-0.0274658
-0.0233043
0.0119296
0.043002
0.043002
0.0149814
-0.00651966
0.0163685
0.0574285
0.0538219
0.0148426
0.00471635
0.0248302
0.0223333
-0.0140103
-0.0355114
-0.0155362
0.0137329
0.0312112
0.0407826
0.023443
-0.0138716
-0.0172008
0.0117909
0.0203913
0.013178
0.0314886
0.063532
0.0624223
0.0244141
-0.00957142
-0.0153975
-0.0123457
-0.0201139
-0.0135942
0.021501
0.0377308
0.00832298
-0.0147039
0.00638095
0.0364824
0.0443892
0.0507702
0.0604803
0.0395341
-0.012207
-0.0435569
-0.0285756
-0.00818426
-0.0212236
-0.0331532
0.00568737
0.0622836
0.062561
0.00263561
-0.0406439
-0.0191428
0.0137329
0.00568737
0.00527122
0.0497991
0.0746294
0.0359275
-0.012207
-0.0220559
-0.0117909
-0.000416149
0.016646
0.0375921
0.0438343
0.0228882
0.00291304
0.00818426
0.000693581
-0.037176
-0.0453602
-0.000693581
0.0357888
0.0328758
0.0223333
0.0169234
0.00346791
-0.00443892
0.0123457
0.0360662
0.0384244
0.0160911
-0.00860041
-0.00665838
0.0223333
0.0424472
0.0339855
0.0110973
-0.0149814
-0.0423085
-0.0481345
-0.0116522
0.0414762
0.072826
0.0735196
0.0439731
-0.000277433
-0.0115134
0.0292691
0.0726873
0.0760165
0.0614513
0.0543768
0.0389793
0.019559
0.0233043
0.0319047
0.0147039
-0.00180331
0.0206687
0.0527122
0.0398116
0.00194203
-0.00929399
-0.0108199
-0.0260787
-0.0145652
0.0325983
0.0525735
0.0296853
0.0159524
0.0192816
0.0124845
0.00540993
0.00804554
0.0105424
0.0190041
0.0295466
0.0203913
-0.000554865
-0.0059648
0.00971014
0.0294078
0.0284368
0.00346791
-0.0133168
-0.000832298
0.0170621
0.0199751
0.0242753
0.0355114
0.0366211
0.0406439
0.0593706
0.0496604
-0.0067971
-0.0545155
-0.0475797
-0.00443892
0.0244141
0.0259399
0.0427246
0.077265
0.0715776
0.0334306
0.0227495
0.0256625
0.013178
0.0199751
0.0478571
0.0516025
0.040089
0.0416149
0.0355114
0.00665838
-0.0140103
-0.000832298
0.022472
0.0177557
-0.00818426
-0.0260787
-0.0245528
-0.00263561
0.0203913
0.0173395
-0.00249689
-0.0142878
-0.018588
-0.0178944
-0.00180331
0.0210849
0.032737
0.0434182
0.0595093
0.0471635
-0.00319047
-0.0276045
0.00110973
0.0124845
-0.0138716
-0.00568737
0.0344016
0.0294078
-0.0167847
-0.0403664
-0.0350952
-0.0324596
-0.0334306
-0.0172008
0.00984885
0.0105424
-0.022472
-0.0338468
0.0162298
0.0765714
0.0696356
0.00346791
-0.0431408
-0.0345403
-0.00374534
0.0147039
0.0145652
0.00540993
0.00457764
0.0203913
0.0357888
0.0314886
0.0199751
0.0201139
0.0152588
-0.00554865
-0.0165072
-0.0184493
-0.0366211
-0.0495217
-0.0180331
0.0411987
0.0713002
0.0464699
0.00804554
0.0117909
0.0509089
0.0756004
0.0665838
0.040089
0.0116522
-0.00499379
0.000832298
0.0188654
0.0362049
0.0518799
0.0572898
0.0477184
0.0302401
0.00818426
-0.0156749
-0.0277433
-0.0126232
0.0190041
0.0280207
0.00776811
0.0059648
0.0446666
0.0665838
0.0270497
-0.0119296
0.0208074
0.0744906
0.0656128
0.023443
0.0198364
0.0456377
0.0592318
0.0583995
0.0629772
0.0787908
0.0814264
0.060619
0.0538219
0.0650579
0.0482733
0.011236
0.0457764
0.252464
0.646973
1.11417
1.49203
1.71079
1.80886
1.83924
1.84104
1.86324
1.91637
1.95146
1.94494
1.94092
1.96783
1.9885
1.98683
2.00195
2.03608
2.04218
2.0082
1.97906
1.98975
2.01707
2.01444
1.98378
1.97851
2.01513
2.04371
2.034
2.01263
2.00306
1.99807
2.00015
2.01749
2.04163
2.06992
2.09406
2.09101
2.0727
2.0702
2.0684
2.05272
2.05064
2.0598
2.04385
2.01624
2.01541
2.02526
2.02318
2.04093
2.07672
2.06562
2.01652
2.02498
2.09767
2.12805
2.06826
1.99349
1.986
2.03344
2.06881
2.07339
2.07506
2.08726
2.09961
2.09115
2.05203
2.00209
1.98017
2.0082
2.053
2.0591
2.02928
2.01111
2.02429
2.05397
2.07728
2.07741
2.05536
2.02345
2.00251
2.00986
2.03414
2.05716
2.07631
2.08019
2.05356
2.02748
2.0444
2.0709
2.05647
2.03525
2.05605
2.09628
2.10585
2.07617
2.04218
2.02567
2.01929
2.029
2.05591
2.07062
2.07755
2.11223
2.15454
2.14941
2.09198
2.03358
2.01499
2.02345
2.03025
2.03025
2.02415
2.01319
2.01818
2.0548
2.09156
2.08449
2.05356
2.0548
2.08504
2.09184
2.06216
2.03913
2.05924
2.1096
2.1347
2.09517
2.03857
2.03788
2.06049
2.03802
2.01125
2.03844
2.07977
2.08768
2.07173
2.05397
2.05813
2.09767
2.13443
2.12
2.06146
1.9971
1.97213
2.01305
2.06438
2.04606
1.99529
2.00209
2.05564
2.08796
2.0899
2.09434
2.10169
2.08338
2.04717
2.04315
2.07866
2.09822
2.08435
2.07936
2.08685
2.06854
2.0333
2.04135
2.09448
2.11376
2.07506
2.04426
2.05369
2.07339
2.0838
2.09267
2.10308
2.10627
2.1003
2.09198
2.0752
2.04301
2.02012
2.03996
2.08699
2.10793
2.0881
2.06451
2.06021
2.06812
2.08241
2.09448
2.08171
2.04523
2.02137
2.02373
2.03941
2.0684
2.10308
2.10863
2.08324
2.07478
2.09295
2.08685
2.05078
2.04496
2.08255
2.10446
2.07006
2.00639
1.97768
2.00598
2.05009
2.07478
2.08171
2.08324
2.08782
2.09628
2.10308
2.10488
2.0985
2.0831
2.07672
2.09725
2.12153
2.11667
2.09531
2.08282
2.07464
2.06576
2.07714
2.10544
2.11071
2.09115
2.07533
2.06229
2.06493
2.10571
2.14081
2.11986
2.06618
2.02678
2.02997
2.06715
2.08005
2.05467
2.06257
2.11015
2.10488
2.03427
1.99585
2.03746
2.0967
2.09933
2.05425
2.0272
2.04149
2.05827
2.05134
2.03427
2.03469
2.06354
2.09836
2.11306
2.1071
2.08185
2.04232
2.02664
2.06479
2.11417
2.11459
2.07034
2.02664
2.01846
2.04287
2.07159
2.10544
2.14317
2.13665
2.08393
2.05786
2.07714
2.09045
2.07963
2.06146
2.05855
2.08837
2.12083
2.11029
2.07367
2.05411
2.06659
2.10571
2.14053
2.14275
2.11972
2.08407
2.05175
2.03927
2.03552
2.03469
2.04884
2.05619
2.04551
2.06354
2.12139
2.14719
2.09656
2.02651
2.01472
2.0487
2.06132
2.04884
2.05675
2.08518
2.09309
2.06063
2.02054
2.01915
2.04371
2.05508
2.06257
2.07644
2.07741
2.07644
2.08643
2.08282
2.06451
2.05383
2.0401
2.02068
2.02789
2.05786
2.07187
2.0677
2.06299
2.05342
2.04509
2.05702
2.07131
2.06077
2.03885
2.03053
2.03525
2.03372
2.01388
1.9989
2.01541
2.04135
2.04163
2.0315
2.0487
2.08782
2.10557
2.0838
2.05314
2.04648
2.06327
2.08366
2.09351
2.09184
2.09073
2.10544
2.11431
2.07797
2.02415
2.01846
2.06188
2.10613
2.1182
2.09656
2.06549
2.05772
2.07866
2.09101
2.07103
2.0555
2.08934
2.15135
2.16245
2.1003
2.04052
2.03261
2.04981
2.08074
2.1182
2.10987
2.04787
2.01166
2.0469
2.09073
2.06701
2.00931
2.01388
2.08754
2.13692
2.10238
2.03955
2.03469
2.07728
2.0985
2.09184
2.09143
2.09725
2.096
2.08657
2.07048
2.06396
2.08546
2.10904
2.08726
2.0376
2.034
2.07991
2.10169
2.07839
2.05092
2.03594
2.02553
2.03011
2.05467
2.07728
2.08726
2.10252
2.13068
2.14109
2.10211
2.04329
2.0297
2.06229
2.0788
2.05772
2.04717
2.08171
2.13013
2.13235
2.0831
2.04551
2.06854
2.11792
2.11806
2.06535
2.03788
2.07062
2.11542
2.12069
2.09032
2.07048
2.0795
2.08255
2.05522
2.01582
1.99072
1.99058
2.00362
2.01097
2.01097
2.01624
2.04079
2.07741
2.08754
2.05675
2.02526
2.02318
2.03802
2.05869
2.08463
2.09656
2.08532
2.07048
2.05522
2.0376
2.0444
2.0745
2.08158
2.0641
2.06868
2.09475
2.09337
2.04981
1.99432
1.96422
1.98725
2.05092
2.1028
2.11209
2.09656
2.08671
2.09281
2.101
2.08893
2.06549
2.07395
2.11958
2.14774
2.13165
2.10696
2.0967
2.08685
2.07117
2.04884
2.01388
1.99835
2.04301
2.10835
2.11071
2.03982
1.97796
1.98975
2.03469
2.0616
2.0899
2.11237
2.07866
2.01846
2.0161
2.06937
2.10738
2.10599
2.0917
2.0745
2.05786
2.05813
2.06271
2.05037
2.05356
2.09586
2.12083
2.07852
2.01791
2.01041
2.04315
2.0752
2.11501
2.14483
2.10266
2.02165
2.00265
2.03316
2.0419
2.04717
2.08338
2.10655
2.08491
2.06424
2.08504
2.11501
2.10044
2.05869
2.05494
2.08477
2.08934
2.07062
2.06507
2.0684
2.0709
2.08366
2.08962
2.06632
2.04648
2.06507
2.09559
2.10391
2.09531
2.07603
2.04385
2.01999
2.02803
2.053
2.06354
2.05522
2.04912
2.06798
2.10585
2.1157
2.07464
2.03386
2.03899
2.06507
2.08407
2.09462
2.08116
2.05883
2.07894
2.12361
2.12929
2.10668
2.09559
2.07228
2.02137
1.99613
2.02248
2.05245
2.05258
2.03913
2.03233
2.03483
2.02789
2.00931
2.01582
2.04426
2.05134
2.05897
2.10308
2.12472
2.07658
2.02984
2.0505
2.10016
2.1218
2.1046
2.07076
2.05855
2.07006
2.06618
2.04149
2.02859
2.04065
2.06465
2.07617
2.06424
2.04967
2.04412
2.03303
2.02567
2.04482
2.0727
2.08144
2.08588
2.10599
2.11737
2.08851
2.04385
2.04093
2.08574
2.11626
2.09975
2.07922
2.08019
2.06576
2.02928
2.01652
2.03941
2.05897
2.0462
2.01166
2.00154
2.04884
2.10752
2.10127
2.04801
2.02179
2.034
2.05467
2.07076
2.07922
2.07589
2.06271
2.0591
2.0684
2.06507
2.05245
2.0616
2.08934
2.1028
2.09059
2.07977
2.09739
2.12319
2.11098
2.06521
2.03857
2.04995
2.06313
2.05439
2.04745
2.07159
2.11015
2.10987
2.06673
2.04593
2.07284
2.09656
2.0788
2.04953
2.05009
2.06063
2.05203
2.05397
2.08657
2.10627
2.08393
2.05675
2.06576
2.09337
2.09253
2.06396
2.04648
2.05356
2.06008
2.04593
2.0462
2.09531
2.13928
2.12083
2.07062
2.03011
2.01083
2.03372
2.09004
2.11362
2.08296
2.06632
2.08976
2.10016
2.09351
2.10363
2.11223
2.09781
2.0752
2.06077
2.05744
2.04939
2.02803
2.01915
2.03816
2.06465
2.07658
2.06937
2.06438
2.08726
2.12139
2.13151
2.1114
2.08074
2.06965
2.08144
2.08296
2.06396
2.04634
2.03899
2.04856
2.0795
2.09364
2.0659
2.04565
2.06784
2.08948
2.09018
2.09919
2.11126
2.10391
2.09295
2.09087
2.08907
2.08546
2.07367
2.04551
2.0229
2.02748
2.03733
2.03483
2.04773
2.09087
2.1182
2.09559
2.05744
2.04038
2.04121
2.05813
2.07672
2.07769
2.08934
2.11972
2.11501
2.07741
2.06257
2.06216
2.04537
2.04509
2.07533
2.07769
2.02873
1.98295
1.98406
2.02276
2.06424
2.0795
2.07714
2.08879
2.11972
2.13942
2.1175
2.0702
2.04995
2.07589
2.11293
2.11917
2.08033
2.03275
2.03871
2.09295
2.12777
2.13124
2.13956
2.13984
2.11612
2.10294
2.09892
2.06063
2.01416
2.01638
2.03677
2.03122
2.0297
2.04052
2.03289
2.034
2.06354
2.06646
2.03511
2.03164
2.05314
2.05203
2.03469
2.02332
2.01902
2.03316
2.07353
2.11598
2.12333
2.0856
2.04454
2.04357
2.06382
2.06632
2.05564
2.05272
2.05286
2.03857
2.02151
2.03344
2.06701
2.08005
2.05744
2.02512
2.02262
2.0512
2.05952
2.0333
2.03261
2.0831
2.12167
2.0985
2.04828
2.02026
2.00944
2.00154
2.02262
2.08893
2.14261
2.11542
2.04107
2.01569
2.06257
2.11376
2.11376
2.08393
2.07034
2.0795
2.08532
2.07006
2.04828
2.04704
2.06784
2.07894
2.06008
2.04079
2.04926
2.06576
2.07256
2.07894
2.09226
2.1139
2.12236
2.09032
2.0487
2.05356
2.08879
2.09378
2.05369
2.00126
1.96825
1.9706
2.0168
2.07908
2.09878
2.07575
2.0745
2.10599
2.1114
2.0795
2.05716
2.04676
2.02997
2.04135
2.0788
2.05758
1.97393
1.94383
2.00917
2.08407
2.10571
2.09725
2.09351
2.08921
2.05994
2.01152
1.98988
2.01097
2.02734
2.0186
2.02581
2.0634
2.09947
2.1157
2.11542
2.10405
2.09545
2.10322
2.1096
2.09323
2.07866
2.09253
2.10835
2.09115
2.05314
2.03289
2.04052
2.0487
2.04482
2.04717
2.05938
2.05494
2.02803
2.02179
2.05591
2.07256
2.03788
2.0143
2.03677
2.06008
2.06784
2.07769
2.07811
2.05994
2.04787
2.06535
2.09434
2.09822
2.07908
2.07381
2.09004
2.0942
2.0795
2.08047
2.09198
2.07284
2.04357
2.06049
2.10627
2.11945
2.09059
2.05023
2.02262
2.02359
2.05494
2.07672
2.04315
1.99432
2.01707
2.09517
2.13138
2.09905
2.06146
2.0684
2.10557
2.12652
2.10613
2.06812
2.04842
2.05772
2.08782
2.10918
2.09489
2.06979
2.07117
2.08837
2.08768
2.06826
2.05897
2.06923
2.07145
2.05425
2.0505
2.07492
2.09531
2.09794
2.11098
2.1415
2.14885
2.10169
2.03941
2.04149
2.11209
2.14774
2.09864
2.06313
2.10821
2.15274
2.13068
2.0924
2.0788
2.06798
2.05966
2.07311
2.09337
2.09697
2.09004
2.08976
2.08185
2.0487
2.03497
2.07797
2.11598
2.09503
2.05772
2.053
2.07714
2.11251
2.12749
2.09503
2.04593
2.03663
2.06257
2.07311
2.0616
2.06618
2.09045
2.09434
2.06798
2.04537
2.04967
2.07894
2.11334
2.12416
2.1071
2.08588
2.07811
2.07339
2.0462
2.0039
1.99696
2.04426
2.0917
2.08796
2.05536
2.04509
2.06077
2.05883
2.03538
2.03594
2.05064
2.03608
2.02026
2.04884
2.08393
2.08061
2.07117
2.08393
2.09087
2.07561
2.06299
2.07214
2.08352
2.07409
2.0555
2.04204
2.02637
2.00473
1.98878
1.99238
2.0118
2.02914
2.04731
2.07603
2.08407
2.05453
2.03608
2.05924
2.08338
2.0795
2.0709
2.06868
2.05425
2.02484
1.98794
1.96297
1.98822
2.06188
2.13054
2.14913
2.12056
2.09614
2.10821
2.1225
2.09351
2.03081
1.99724
2.02401
2.05619
2.03899
2.0075
2.02221
2.07145
2.10003
2.08754
2.04898
2.01888
2.03303
2.07325
2.07936
2.03663
1.99654
2.00764
2.0505
2.06812
2.05272
2.04301
2.06146
2.09697
2.11487
2.0899
2.04079
2.00473
1.99765
2.01541
2.04967
2.0899
2.11223
2.09947
2.07103
2.05258
2.0426
2.03649
2.04426
2.06493
2.06618
2.04135
2.03511
2.05314
2.05203
2.03746
2.04232
2.05245
2.05189
2.05786
2.07034
2.0727
2.0684
2.06881
2.07464
2.0856
2.09115
2.07325
2.04939
2.05397
2.07728
2.09794
2.11487
2.11057
2.07409
2.04398
2.04329
2.0469
2.05147
2.06604
2.07339
2.07769
2.09711
2.10904
2.09101
2.0659
2.05536
2.04884
2.03081
2.01388
2.02734
2.06687
2.09559
2.10641
2.11889
2.11847
2.08671
2.06202
2.08227
2.10987
2.09045
2.04274
2.03081
2.07076
2.10793
2.10058
2.0752
2.07409
2.08352
2.0659
2.04121
2.05716
2.10155
2.11598
2.08629
2.06493
2.07894
2.08338
2.05023
2.02332
2.02637
2.02373
2.01277
2.03192
2.07422
2.08893
2.05952
2.03871
2.07145
2.11196
2.10155
2.06881
2.07381
2.09961
2.0856
2.05064
2.06063
2.08976
2.07478
2.03899
2.03719
2.06965
2.0985
2.0874
2.04274
2.02179
2.05342
2.09004
2.09808
2.09503
2.07839
2.04676
2.04523
2.07298
2.0616
2.00778
1.98697
2.0211
2.05605
2.06105
2.05508
2.05799
2.07325
2.08185
2.07173
2.07755
2.11348
2.13207
2.11334
2.08546
2.06382
2.04981
2.04329
2.0462
2.06604
2.08685
2.07395
2.03011
1.99738
2.00639
2.05425
2.09864
2.09711
2.06521
2.04287
2.03968
2.05619
2.09059
2.11501
2.11376
2.10544
2.09434
2.07214
2.06049
2.07131
2.07561
2.06146
2.05383
2.06673
2.08296
2.07922
2.0512
2.02456
2.03192
2.06396
2.08199
2.07617
2.06618
2.07103
2.09198
2.10266
2.08435
2.06257
2.06868
2.09351
2.09836
2.07173
2.05217
2.06451
2.08449
2.08449
2.05591
2.01846
2.01902
2.0616
2.08754
2.07575
2.06757
2.07464
2.07866
2.08185
2.07672
2.04828
2.01818
2.01402
2.029
2.03885
2.04024
2.05675
2.09448
2.10502
2.05231
2.00334
2.03247
2.08227
2.06895
2.02429
2.01236
2.0247
2.02762
2.02595
2.03913
2.06881
2.09448
2.08712
2.05994
2.06659
2.09614
2.07409
2.01319
2.00251
2.04884
2.08241
2.08199
2.07547
2.06757
2.06091
2.0813
2.10544
2.08185
2.0505
2.0745
2.10849
2.09961
2.08088
2.07228
2.05772
2.05772
2.08407
2.0985
2.07852
2.06132
2.08657
2.13096
2.14358
2.11223
2.06229
2.03011
2.03899
2.07908
2.1157
2.11626
2.08463
2.06382
2.07464
2.08893
2.08699
2.08726
2.09905
2.10058
2.08366
2.06659
2.05619
2.04565
2.04773
2.07284
2.09794
2.10169
2.09309
2.07686
2.04315
2.01208
2.02345
2.07783
2.12888
2.12832
2.08185
2.04676
2.05605
2.07381
2.05578
2.02692
2.03358
2.05189
2.03635
2.00889
2.01652
2.04953
2.06105
2.03538
2.00459
2.01
2.04926
2.07908
2.07478
2.06049
2.06715
2.07076
2.0315
1.98767
2.00223
2.053
2.07797
2.0684
2.05231
2.03885
2.02664
2.02831
2.0487
2.07117
2.07547
2.06008
2.05494
2.07672
2.08352
2.04787
2.01444
2.01763
2.03178
2.03538
2.03483
2.04065
2.05786
2.07506
2.06438
2.03053
2.0186
2.04204
2.05675
2.03677
2.0082
1.99751
2.0168
2.05938
2.07561
2.03996
2.01069
2.03511
2.07686
2.08421
2.06091
2.0512
2.0745
2.09822
2.0838
2.04787
2.04523
2.08393
2.11626
2.1225
2.12
2.10405
2.06868
2.03247
2.0032
1.98378
1.99529
2.04329
2.08629
2.08352
2.05869
2.05508
2.0634
2.0634
2.06951
2.09045
2.10252
2.08518
2.05425
2.04787
2.06854
2.07561
2.0573
2.04898
2.06798
2.08754
2.07422
2.03691
2.01874
2.03705
2.07076
2.09573
2.09253
2.06521
2.0598
2.09933
2.12708
2.0924
2.04079
2.02859
2.03594
2.03372
2.03622
2.0401
2.01791
1.98642
1.9946
2.04468
2.08712
2.08671
2.05494
2.03303
2.04981
2.0795
2.08338
2.07478
2.08435
2.10266
2.09586
2.06521
2.05467
2.06923
2.06243
2.03844
2.03719
2.04149
2.03649
2.05716
2.08574
2.06632
2.01888
2.01374
2.06465
2.09586
2.04995
1.99308
2.00459
2.04246
2.04842
2.04717
2.06008
2.06562
2.05453
2.04634
2.05605
2.07117
2.06396
2.02734
2.0014
2.0297
2.08685
2.11501
2.10516
2.08976
2.09018
2.0924
2.07117
2.04204
2.04065
2.05758
2.06826
2.07422
2.06299
2.029
2.02207
2.0702
2.12014
2.12624
2.11015
2.09573
2.07034
2.04038
2.05675
2.12236
2.15926
2.13484
2.10086
2.08574
2.08061
2.0881
2.09545
2.08782
2.10127
2.1458
2.14802
2.07811
2.01832
2.03372
2.07228
2.0684
2.0573
2.08366
2.10987
2.09281
2.05342
2.04065
2.06271
2.07353
2.04717
2.02651
2.0444
2.06895
2.08005
2.10183
2.12971
2.13096
2.11085
2.09781
2.09309
2.08504
2.08033
2.09004
2.09711
2.07284
2.03996
2.04052
2.06216
2.0677
2.05231
2.04565
2.06354
2.07395
2.05799
2.04357
2.04815
2.05633
2.053
2.04842
2.05716
2.05952
2.02984
2.0014
2.0254
2.07991
2.10419
2.08602
2.05189
2.02775
2.0254
2.0401
2.06188
2.07922
2.08768
2.09434
2.10086
2.09323
2.06646
2.04606
2.04717
2.04537
2.03733
2.05994
2.11584
2.15052
2.12222
2.05855
2.01804
2.01236
2.02886
2.07311
2.10876
2.08088
2.02415
2.00112
2.0057
2.01638
2.03427
2.05494
2.06271
2.05744
2.06521
2.07561
2.04065
1.98669
1.98669
2.03205
2.06479
2.06757
2.05342
2.04093
2.04426
2.05772
2.07256
2.09032
2.09989
2.09059
2.08574
2.09753
2.08449
2.03982
2.02762
2.0616
2.08255
2.06368
2.02984
2.01915
2.0469
2.07506
2.08005
2.08699
2.09267
2.07769
2.06521
2.06784
2.06687
2.05994
2.05286
2.03899
2.02859
2.04357
2.07436
2.08921
2.0745
2.04606
2.03122
2.03594
2.03108
2.00736
2.01222
2.05994
2.08227
2.04759
2.01513
2.01915
2.03053
2.04593
2.0709
2.06646
2.03011
2.01874
2.0383
2.0512
2.05203
2.0444
2.0376
2.06188
2.11417
2.14192
2.10585
2.03108
1.99488
2.03303
2.08893
2.09711
2.06743
2.05175
2.06438
2.06965
2.05217
2.04856
2.0684
2.06327
2.01874
1.99002
2.00861
2.04232
2.05799
2.0634
2.07603
2.07145
2.029
2.00542
2.04482
2.07034
2.02207
1.98281
2.01791
2.04939
2.02207
2.00875
2.04301
2.0512
2.01957
2.01319
2.03053
2.03525
2.03899
2.04565
2.04079
2.03608
2.04953
2.06923
2.07395
2.05758
2.02359
2.00029
2.02553
2.07714
2.09989
2.09364
2.08671
2.07866
2.06576
2.05383
2.04926
2.05869
2.08171
2.10696
2.11001
2.07284
2.03261
2.05675
2.12111
2.11917
2.04995
2.02165
2.05258
2.06895
2.05619
2.05342
2.06687
2.06826
2.04565
2.01846
2.01083
2.02706
2.04995
2.06535
2.07395
2.06757
2.04301
2.03733
2.06465
2.07145
2.03386
2.00709
2.03719
2.10821
2.16924
2.16827
2.10446
2.03788
2.00875
2.01
2.0333
2.06021
2.05078
2.00944
2.00348
2.06049
2.10932
2.07991
2.01888
2.01902
2.07062
2.09614
2.08726
2.08158
2.06909
2.034
2.00875
2.01263
2.02734
2.05106
2.09087
2.11515
2.09323
2.04842
2.02207
2.03233
2.06757
2.08324
2.05841
2.04065
2.06965
2.10918
2.10876
2.07644
2.05092
2.04357
2.03635
2.02262
2.01666
2.02276
2.03844
2.06077
2.06257
2.02623
1.99571
2.00806
2.03094
2.03955
2.05564
2.07339
2.05467
2.00875
1.98905
2.00265
2.00944
2.01388
2.05134
2.0967
2.09351
2.05591
2.04357
2.05688
2.05106
2.02373
2.01028
2.02609
2.05827
2.07825
2.06549
2.04232
2.04371
2.05494
2.05591
2.07575
2.12291
2.14233
2.09351
2.01902
1.99446
2.02512
2.05661
2.06562
2.07187
2.09434
2.12569
2.13665
2.11889
2.10058
2.09947
2.10363
2.09725
2.08393
2.08074
2.09337
2.10876
2.10571
2.06937
2.02276
2.01028
2.02651
2.03719
2.05605
2.10197
2.12527
2.08199
2.01902
2.00126
2.01929
2.03774
2.06146
2.0831
2.06701
2.03622
2.04884
2.09129
2.10752
2.09462
2.08574
2.08421
2.06923
2.05009
2.04953
2.05217
2.04385
2.05161
2.08546
2.11251
2.09947
2.03982
1.9792
1.98614
2.04815
2.08463
2.07631
2.07839
2.10294
2.10003
2.06438
2.04815
2.06077
2.06174
2.04093
2.02609
2.03233
2.05383
2.07561
2.07367
2.05161
2.04898
2.07575
2.10252
2.11154
2.11057
2.11154
2.10696
2.07658
2.03955
2.03289
2.04856
2.05772
2.05272
2.0254
1.98184
1.97463
2.02789
2.07672
2.06562
2.02137
1.9706
1.84423
1.54225
1.1175
0.770708
0.592596
0.46567
0.295327
0.156195
0.122348
0.143433
0.14593
0.115273
0.0749068
0.0547929
0.0650579
0.0844782
0.0912753
0.0966852
0.111805
0.107921
0.0607577
0.00693581
0.00291304
0.0446666
0.0735196
0.0506314
0.00860041
0.0140103
0.0696356
0.107366
0.0829523
0.0217785
-0.017617
-0.00124845
0.0407826
0.0521573
0.0239979
-0.00457764
-0.0126232
-0.0116522
-0.00665838
0.00901656
0.0276045
0.0377308
0.0348178
0.0158137
-0.00721325
-0.00277433
0.0323209
0.0543768
0.0411987
0.0183105
0.0101263
0.0210849
0.0479958
0.0638095
0.0488281
0.0356501
0.0457764
0.0478571
0.0380083
0.0488281
0.0719937
0.0765714
0.0653354
0.0585383
0.0683871
0.100847
0.137052
0.134416
0.0839233
0.0380083
0.0492443
0.098766
0.120128
0.0873912
0.0438343
0.0402277
0.0654741
0.0681097
0.0442505
0.0435569
0.0660289
0.0463312
-0.016646
-0.0366211
0.0067971
0.0294078
0.0119296
0.0258012
0.0646418
0.0639482
0.0509089
0.0729648
0.0865589
0.0643643
0.0497991
0.0479958
0.0260787
0.00957142
0.0338468
0.0650579
0.0665838
0.060619
0.0633933
0.0428633
-0.00749068
-0.030795
0.000693581
0.0276045
0.00665838
-0.0192816
-0.0133168
0.00277433
0.0145652
0.0233043
0.0133168
-0.0113747
-0.0188654
-0.00346791
0.0167847
0.0301014
0.0199751
-0.0173395
-0.0258012
0.0396729
0.107505
0.0819813
0.00416149
-0.0201139
0.0145652
0.0439731
0.0439731
0.0231656
-0.00416149
-0.0246915
-0.0392567
-0.042031
-0.029824
-0.0273271
-0.0346791
-0.0244141
-0.0159524
-0.0380083
-0.0559027
-0.0344016
0.00457764
0.0273271
0.0325983
0.0260787
0.00291304
-0.0152588
-0.00152588
0.021501
0.0314886
0.0396729
0.0520186
0.0593706
0.053267
0.0337081
0.00984885
-0.00804554
-0.00554865
0.021501
0.040089
0.0133168
-0.0370372
-0.0463312
-0.00194203
0.0320435
0.021501
0.0223333
0.0664451
0.0878074
0.051325
0.0220559
0.0281594
0.0163685
-0.031766
-0.0608964
-0.0249689
0.0470248
0.0909979
0.0868364
0.0563188
0.0138716
-0.0237205
-0.0287143
-0.00707453
0.0067971
0.00416149
-0.00124845
0.00263561
0.0117909
0.00554865
-0.00860041
-0.000971014
0.02053
0.0305176
0.0221946
0.00568737
0.0059648
0.0153975
-0.0104037
-0.0473022
-0.0324596
0.0104037
0.019559
0.00277433
-0.00194203
0.00860041
0.013178
0.00291304
-0.0059648
0.0043002
0.0216397
0.0181718
-0.012207
-0.038147
-0.0266335
0.0016646
0.00887784
-0.00263561
-0.0151201
-0.00735196
0.0281594
0.0425859
0.0123457
0.00194203
0.0427246
0.0717163
0.0491056
0.0138716
0.0101263
0.0331532
0.0424472
0.0110973
-0.0169234
0.0165072
0.0681097
0.0618675
0.0263561
0.0231656
0.0344016
0.0155362
-0.0190041
-0.0187267
0.019559
0.0392567
0.0156749
-0.0130393
-0.018588
-0.00749068
0.00998757
0.0295466
0.0473022
0.0461925
0.0201139
0.00582608
0.0235818
0.0432795
0.047441
0.043002
0.0299627
0.0140103
0.00610352
0.00804554
0.0159524
0.0239979
0.0238592
0.013178
0.013178
0.0344016
0.0382857
0.00346791
-0.0242753
-0.0135942
0.00471635
0.00374534
0.00152588
0.023443
0.0518799
0.0418923
-0.00346791
-0.0299627
-0.0174782
-0.00277433
0.00624223
0.0424472
0.0729648
0.0367598
-0.0152588
-0.0173395
-0.011236
-0.0303789
-0.0266335
0.0212236
0.0550704
0.0277433
-0.0270497
-0.0510476
-0.0342629
0.00319047
0.0421697
0.0549316
0.0202526
-0.0287143
-0.0330145
-0.0016646
0.00873912
-0.0140103
-0.0375921
-0.0332919
-0.0016646
0.0213623
0.0117909
0.000554865
0.0203913
0.0402277
0.022472
-0.00624223
-0.0167847
-0.0201139
-0.0158137
0.00846169
0.0334306
0.0273271
0.000416149
-0.0119296
-0.00402277
0.0227495
0.062561
0.0713002
0.0463312
0.0414762
0.0423085
0.0059648
-0.0206687
0.00499379
0.0273271
0.0123457
0.00138716
0
-0.0221946
-0.042031
-0.0276045
0.00110973
0.0156749
0.0105424
0.00416149
0.0244141
0.0514637
0.0281594
-0.0384244
-0.0707453
-0.0319047
0.0276045
0.0506314
0.0456377
0.0560414
0.08212
0.0858654
0.0553478
0.0148426
-0.0016646
0.0262174
0.0663064
0.050354
-0.0219172
-0.0726873
-0.0618675
-0.0172008
0.0258012
0.0335693
0.00346791
-0.00818426
0.0133168
0.00610352
-0.0271884
-0.0206687
0.00638095
0.00388406
-0.00568737
0
0.00929399
0.0169234
0.0149814
-0.00582608
-0.0319047
-0.0366211
-0.0106812
0.0256625
0.0334306
-0.00651966
-0.042031
-0.00957142
0.0496604
0.0521573
0.0120683
0.00860041
0.0546542
0.0814264
0.0549316
0.0209462
0.0160911
0.0252464
0.0206687
-0.00180331
-0.0202526
-0.0263561
-0.0277433
-0.0162298
0.00332919
0.00499379
-0.00568737
-0.000971014
0.0123457
0.00804554
-0.00360662
0.0174782
0.0739358
0.0962691
0.0289917
-0.0578447
-0.0509089
0.0230269
0.0446666
0.00249689
-0.0188654
0.00443892
0.0271884
0.0192816
-0.0147039
-0.0432795
-0.0289917
0.0208074
0.0554865
0.0563188
0.0464699
0.0466087
0.0683871
0.105563
0.121654
0.0836459
0.0130393
-0.0181718
0.021501
0.067971
0.052296
-0.00943271
-0.0545155
-0.0445279
0.00998757
0.0543768
0.0427246
-0.010265
-0.0525735
-0.0473022
-0.0172008
-0.0223333
-0.0527122
-0.0406439
0.000416149
0.00915527
