-0.000938943
0.0126553
-0.00142445
-0.0159897
-0.0265321
-0.0322195
-0.0241046
-0.0129379
-0.00933128
3.20712e-05
0.0190362
0.0278447
0.0225735
0.0215331
0.020354
-3.72869e-05
-0.0238271
-0.0222319
-0.00274225
0.00904863
0.00287575
-0.00898449
-0.00378263
0.0159844
0.0218799
0.00537265
-0.01703
-0.0306936
-0.0252143
0.00128052
0.0297174
0.0403985
0.0354047
0.0226428
0.00356934
-0.0135621
-0.017793
-0.00960871
0.00648238
0.0195911
0.0143892
-0.0018406
-0.00607144
0.00273704
0.00904863
0.00530329
-0.00496171
-0.00960871
-0.000522794
0.0119617
0.0107132
-0.00475364
-0.018001
-0.0146025
0.00308383
0.0196604
0.0280528
0.0328385
0.0303416
0.0154296
0.00266768
0.00807761
0.0233364
0.0264575
0.0112681
-0.0018406
0.00405484
0.0151521
0.0112681
-0.000938943
-3.72869e-05
0.0136956
0.0202153
0.0141118
0.00516457
-0.0018406
-0.00607144
-0.00669567
-0.0069731
-0.0109265
-0.0168913
-0.0180704
-0.0125218
-0.00725053
-0.00662631
-0.00621016
-0.000522794
0.0102971
0.0170942
0.00675981
-0.0091232
-0.00177124
0.0200072
0.0257639
0.0250704
0.0357515
0.036237
0.0161232
0.00530329
0.0111987
0.00675981
-0.00988614
-0.018001
-0.0125218
0.0011418
0.0143198
0.0141118
0.00634366
0.0114762
0.0244461
0.0188975
-0.00898449
-0.0335373
-0.0311097
-0.00683438
0.00981157
0.00259832
-0.00627952
0.00558072
0.0243768
0.0304109
0.0234058
0.013765
0.0177184
0.0308271
0.0258333
0.00370805
-0.0115507
-0.0195963
-0.0256304
-0.0189721
-0.00114702
0.00724532
-0.000869585
-0.00822155
-0.000106645
0.012794
0.0134182
0.00585815
0.000864369
-0.00745861
-0.0211222
-0.0166832
0.0171635
0.0456697
0.0363757
0.0106439
0.00467907
0.0125859
0.0107132
0.00454035
0.0092567
0.0153602
0.0105051
0.00481778
0.00433228
0.00377741
0.0136263
0.0384565
0.0497619
0.0299948
0.00225153
-0.00489236
0.00946478
0.021325
0.0140424
0.00641302
0.018412
0.0305496
0.0186894
-0.00426813
-0.0150186
-0.0127992
-0.00718117
0.000586936
0.0106439
0.0139731
0.0079389
0.00447099
0.0071066
0.0105745
0.0170942
0.0204234
0.0113374
0.0032919
0.0087712
0.015707
0.00967285
-0.00426813
-0.0109265
-0.00662631
0.00121116
0.00544201
0.00301447
-0.00163252
-0.00690374
-0.0217464
-0.0404731
-0.0321501
0.00856312
0.0394275
0.0328385
0.00696788
-0.0137702
-0.0166139
-0.00392134
0.00606623
0.0142505
0.0309658
0.033324
0.00766147
-0.0127992
-0.0056553
0.0105745
0.0181345
0.0195911
0.0161232
0.00814697
0.00599687
0.0131408
0.0158457
0.0102277
0.00717596
0.00530329
-0.00426813
-0.00759732
0.0114068
0.0303416
0.0189668
-0.00308904
0.00169667
0.0136263
-0.00718117
-0.0318033
-0.012175
0.023059
0.0211863
-0.00246482
-0.00572465
0.00128052
-0.00731989
-0.0149493
-0.00537786
0.00204346
-0.00177124
-0.00225675
0.00232089
0.00315319
0.00613559
0.0202153
0.0366532
0.0413695
0.0316594
0.0128633
-0.004823
-0.00711182
0.00703724
0.0192443
0.0166087
0.00405484
-0.0100249
-0.0153654
-0.00274225
0.0167474
0.019383
0.00634366
-3.72869e-05
0.00634366
0.0180652
0.0312432
0.0380403
0.0279834
0.00544201
-0.00801347
-0.00142445
0.0111987
0.0182039
0.0194523
0.0144586
0.00558072
-0.00322776
-0.00662631
-0.000592152
0.00384677
-0.00627952
-0.0194576
-0.0141863
0.0011418
-3.72869e-05
-0.0109265
-0.00718117
0.000864369
-0.00204867
-0.00412942
-0.000522794
0.00232089
0.00606623
0.00620494
-0.00156317
-0.00218739
0.011823
0.0171635
0.00044822
-0.00856834
0.00620494
0.0057888
-0.0272257
-0.04297
-0.0162671
0.0106439
0.014736
0.0188975
0.022296
0.00544201
-0.0110652
-0.00218739
0.0113374
0.00370805
-0.0102329
-0.00295033
0.0225041
0.0380403
0.0298561
0.0143892
0.0177878
0.038179
0.039913
0.0117536
-0.0115507
-0.0127992
-0.0086377
-0.00440685
0.000656294
-0.000176003
0.00128052
0.0160538
0.0301335
0.0291625
0.0216025
0.0186894
0.0177184
0.0141118
0.0092567
0.00551136
0.00426292
0.00218217
-0.00600209
-0.0100249
0.00648238
0.0318675
0.0385258
0.0209782
-0.000106645
-0.0069731
-0.00135509
0.00669045
0.00974221
0.00502586
-0.00329712
-0.00301969
0.00953414
0.0105745
-0.0146025
-0.0345083
-0.0202899
0.00634366
0.0109907
-0.00516979
-0.0099555
0.0117536
0.029648
0.0165393
-0.00558594
-0.00704246
0.00176602
-0.00343584
-0.0152267
-0.0105797
0.00211282
-0.00350519
-0.0192495
-0.0193188
-0.0069731
-0.00496171
-0.0161977
-0.0181398
0.00287575
0.0288157
0.0344337
0.0184813
0.00245961
0.00585815
0.020354
0.0246542
0.0193136
0.0125165
0.00232089
-0.00225675
0.0106439
0.0257639
0.022088
0.0104358
0.00967285
0.0118923
0.00960349
0.0162619
0.0324223
0.0379016
0.0236832
0.00426292
0.00315319
0.0242381
0.0367225
0.0142505
-0.0217464
-0.0324969
-0.0167526
-0.00274225
-0.00288097
-0.00489236
0.00162731
0.012031
0.0157764
0.010089
-0.000730868
-0.00766668
-0.0026729
0.00405484
0.000101429
-0.00433749
-0.000938943
0.00121116
0.00141923
0.00620494
0.00675981
-0.00385198
-0.0099555
-0.00253418
0.00356934
-0.000106645
-0.0061408
-0.00801347
-0.000730868
0.0145279
0.0263188
0.0294399
0.0256946
0.0127246
-0.00496171
-0.00891513
0.0019741
0.00100309
-0.0162671
-0.0241046
-0.017793
-0.0121056
-0.00634888
0.00530329
0.0202846
0.0302722
0.0226428
0.000101429
-0.0155735
-0.0126605
0.000864369
0.00918734
-0.000245361
-0.0146025
-0.0109265
0.00239025
0.00565008
0.00370805
0.00322255
-0.000384078
-0.00066151
0.0107826
0.019383
0.00786954
-0.00967807
-0.00738925
0.00752275
0.0079389
-0.00572465
-0.0124524
-0.0130073
-0.0173075
-0.0166832
-0.0069731
-0.00211803
-0.00329712
0.000517578
0.00169667
-0.0106491
-0.0169607
-0.00364391
0.00717596
0.00613559
0.00682917
0.00454035
-0.00461492
-0.00468428
0.00717596
0.0211863
0.0300641
0.0199379
-0.00281161
0.00128052
0.0355434
0.0508022
0.0288157
0.00440163
0.00128052
0.00641302
0.00669045
0.00766147
0.00995028
0.00745339
0.00870184
0.0204234
0.0318675
0.0329772
0.0210476
0.000170787
-0.0125911
-0.00662631
0.0032919
0.000240146
-0.0112733
-0.0116895
0.00738403
0.0258333
0.0222267
0.00565008
-0.0026729
0.00447099
0.020354
0.0252784
0.00516457
-0.0146719
-0.000314719
0.0248623
0.0182039
-0.0026729
-0.00433749
-0.000800226
-0.00683438
-0.00773604
0.00100309
0.00606623
0.000240146
-0.0108572
-0.0109265
0.00648238
0.0204927
0.0141811
0.00232089
0.00183538
0.00724532
0.00731468
-0.00135509
-0.0144638
-0.0172381
-0.00149381
0.012794
0.00759211
-0.00253418
-0.00114702
0.00558072
0.00509521
-0.00704246
-0.0195963
-0.0118975
0.0126553
0.023267
0.00544201
-0.0243126
-0.0444265
-0.0417909
-0.0176543
0.00474842
0.00551136
-0.00489236
-0.00503107
0.0103664
0.0261801
0.0223654
0.00419356
0.0041242
0.0263188
0.0358209
0.0220186
0.00696788
-0.00260354
-0.0113427
-0.0157816
-0.0114814
0.00620494
0.0274285
0.0218799
-0.00870705
-0.027087
-0.0278499
-0.0238271
-0.00454557
0.0245155
0.0317287
0.00897927
-0.0175155
-0.0227868
-0.00891513
0.00641302
0.0142505
0.0145279
0.00558072
-0.0118975
-0.0205673
-0.00655695
0.00398548
-0.0112039
-0.0209834
-0.00461492
0.00849376
0.00460971
0.00662109
0.0225735
0.0299254
0.0145973
-0.00225675
0.00259832
0.0146666
0.00599687
-0.0139089
-0.0130766
0.00717596
0.0182039
0.0123778
0.00370805
0.000170787
0.00308383
0.0121004
0.0162619
0.0113374
0.0125165
0.0234058
0.0244461
0.0101584
0.00148859
0.00821633
0.0102277
-0.00489236
-0.013354
0.00259832
0.0180652
0.0102277
-0.00745861
-0.0153654
-0.00808283
0.00481778
0.0019741
-0.0140476
-0.0150186
0.00218217
0.0121697
0.00530329
-0.00641824
-0.00856834
0.00218217
0.014736
0.0204234
0.0208395
0.0113374
-0.0124524
-0.0298613
-0.0174462
0.0116842
0.0235445
0.0121004
0.00821633
0.0274979
0.0365144
0.0150828
0.00169667
0.0178571
0.0243074
0.00481778
0.000309504
0.0231977
0.0308271
0.00835505
-0.010441
-0.00856834
0.00252896
0.0140424
0.0194523
0.0131408
-0.000314719
-0.00891513
-0.00627952
-0.000314719
0.00349998
0.0131408
0.0242381
0.020354
0.00904863
0.00863248
0.00349998
-0.0220238
-0.0367971
-0.0158509
0.0139037
0.0239606
0.0183426
0.0104358
0.00911799
0.0175103
0.0288157
0.0357515
0.0330465
0.0152909
-0.00641824
-0.00752797
0.0109213
0.0207008
0.013765
0.00481778
-0.00329712
-0.018764
-0.0356874
-0.0312484
-0.00197931
0.0209089
0.0265962
0.0374161
0.0494151
0.0406066
0.0238219
0.0181345
0.0109213
0.00044822
0.0049565
0.0132795
0.00467907
-0.00718117
-0.0053085
0.00148859
0.00696788
0.0127246
0.0148747
0.0169555
0.0213944
0.014736
-0.00142445
-0.00301969
0.0049565
-0.00836026
-0.0315952
-0.026324
0.00419356
0.0276366
0.0285383
0.0107132
-0.0103716
-0.0159897
-0.00239546
0.0133488
0.0126553
-0.000106645
-0.00246482
0.0143198
0.0309658
0.0243074
0.00190474
-0.00891513
-0.00066151
0.0138343
0.0206314
0.0111294
-0.000384078
0.00884055
0.027706
0.0270817
0.00835505
-0.000938943
0.00773082
0.0157764
0.0127246
0.00849376
0.00523393
-0.00454557
-0.0102329
0.0011418
0.0145973
0.012031
0.00315319
0.00336126
0.013765
0.0285383
0.0345724
0.0197991
-0.00447621
-0.0148799
-0.0105797
-0.00794411
-0.00676503
0.00225153
0.00953414
0.00814697
0.0141811
0.0266656
0.0154296
-0.0204979
-0.0385311
-0.0211915
-0.00350519
-0.00794411
-0.0107878
0.00259832
0.0115455
0.00169667
-0.0155042
-0.0287516
-0.0368665
-0.0358954
-0.0242433
-0.0102329
-0.000106645
0.0049565
0.00322255
-0.000730868
0.00488714
0.0218105
0.0329772
0.0279834
0.0202153
0.0182733
0.0134182
0.00426292
0.000240146
0.00523393
0.0164699
0.0258333
0.025001
0.0155683
0.0041242
-0.00392134
-0.00600209
-0.0105104
-0.0220932
-0.0247288
-0.00759732
0.0117536
0.0116149
-0.000314719
0.000795011
0.0177184
0.0266656
0.0149441
0.000864369
-0.00586337
-0.0173075
-0.0239658
-0.00510043
0.0217412
0.0268737
0.0178571
0.0207702
0.0344337
0.0345724
0.0175103
0.00662109
0.00911799
0.00800826
-0.00433749
-0.014117
-0.0069731
0.00863248
0.0126553
0.00426292
-0.00385198
-0.00731989
-0.00593273
0.00620494
0.0240993
0.0221573
-0.00177124
-0.0105104
0.0079389
0.0177878
0.00225153
-0.012383
-0.00849898
0.00613559
0.0197991
0.0186201
0.000933727
-0.0128685
-0.0145331
-0.0144638
-0.00794411
0.00780018
0.0126553
-0.00128573
-0.0169607
-0.0182091
-0.00641824
0.00141923
-0.000522794
-0.000314719
0.00232089
0.0011418
0.00523393
0.0163312
0.0161232
0.000101429
-0.0100942
-0.00218739
0.00773082
0.000795011
-0.0130073
-0.00967807
0.0071066
0.0132795
0.00655174
0.00613559
0.0207008
0.038942
0.0462246
0.0401904
0.0295093
0.0188281
0.00641302
-0.0031584
0.0011418
0.0148054
0.0197298
0.0129327
0.00211282
-0.00731989
-0.00572465
0.00724532
0.011823
0.0019741
-0.00190996
0.00565008
0.00675981
-0.00114702
0.00134988
0.0169555
0.0249316
0.0182733
0.0154989
0.0225735
0.0222267
0.0111294
0.0041242
0.00509521
0.00474842
0.000864369
0.00356934
0.0170942
0.0299254
0.0308964
0.0238219
0.0189668
0.0173022
0.014736
0.0156377
0.0215331
0.0195911
0.00273704
-0.0109265
-0.00544722
0.00391613
0.00204346
0.00107244
0.00759211
0.010089
0.0111987
0.0219492
0.0331853
0.0297867
0.0166087
0.00336126
-0.0108572
-0.017793
-0.00295033
0.0190362
0.0193136
0.00128052
-0.0125218
-0.0125218
0.00252896
0.023059
0.0276366
0.0171635
0.0143892
0.0197991
0.017441
0.012031
0.0116149
0.00717596
-0.0018406
-0.00295033
-0.000314719
-0.00447621
-0.00627952
0.00606623
0.021325
0.0163312
-0.0135621
-0.042207
-0.0397101
-0.0086377
0.0205621
0.0291625
0.0276366
0.0305496
0.0358209
0.03159
0.0160538
0.00252896
-0.00121638
-0.00440685
-0.0162671
-0.0293758
-0.0273644
-0.0101636
0.00100309
0.000725653
0.00662109
0.0161232
0.0107826
-0.00190996
0.00148859
0.0211863
0.0313126
0.0170942
-0.00274225
-0.00711182
-0.000592152
0.00356934
0.00571944
0.0062743
-0.00711182
-0.0304161
-0.038323
-0.0267402
-0.0146025
-0.00558594
0.00336126
0.00530329
0.00148859
0.0019741
0.00155795
-0.0134928
-0.0325663
-0.0284048
-0.00738925
0.0011418
-0.00142445
3.20712e-05
-0.000453436
-0.00794411
-0.0141863
-0.0161977
-0.0137008
-0.00225675
0.0152909
0.0243768
0.0168861
0.00585815
0.0092567
0.0212557
0.0192443
-0.000106645
-0.0134234
-0.00225675
0.0211169
0.0303416
0.0182039
0.00141923
-0.00128573
0.0128633
0.0247236
0.0143198
-0.00343584
0.00155795
0.0141118
-0.00211803
-0.0227868
-0.00177124
0.0298561
0.0182733
-0.00662631
-0.000453436
0.0106439
0.00211282
-0.00496171
-0.000245361
0.0011418
-0.0123137
-0.0270176
-0.0176543
0.00523393
0.0114762
0.0079389
0.0152909
0.0255559
0.0241687
0.0107826
-0.0086377
-0.0207754
-0.0166832
-0.00683438
0.00204346
0.0196604
0.0354047
0.0229896
-0.00392134
-0.00808283
0.0100196
0.0226428
0.0216025
0.0193136
0.0160538
0.00044822
-0.0186253
-0.0213996
-0.0100942
-0.00350519
-0.00648759
-0.00655695
-0.00246482
-0.00946999
-0.0199431
-0.00787476
0.0181345
0.0200766
-0.00766668
-0.0315259
-0.0293758
-0.0110652
0.00343062
0.00675981
0.00349998
0.00155795
0.00911799
0.0187588
0.0123778
-0.00107766
0.0032919
0.0171635
0.0165393
0.0028064
-0.00544722
-0.00225675
0.00447099
0.0115455
0.0209782
0.0250704
0.0134182
-0.00419877
-0.00385198
0.0161925
0.0308271
0.0288157
0.0227815
0.017649
0.00814697
-0.00308904
-0.0118975
-0.01703
-0.0144638
-0.00301969
0.0129327
0.0204927
0.00613559
-0.0159203
-0.0134928
0.00655174
0.00696788
-0.0103716
-0.0154348
-0.00621016
0.00745339
0.0209089
0.0177184
-0.00343584
-0.0128685
-0.000176003
0.0135569
0.0190362
0.0219492
0.0142505
-0.0078054
-0.0198044
-0.00641824
0.0124472
0.0170248
0.00828569
-0.00433749
-0.00787476
0.00204346
0.0087712
0.000795011
-0.00655695
-0.000592152
0.00884055
0.0117536
0.0113374
0.0102277
0.00606623
0.0041242
0.0121697
0.023267
0.025001
0.0208395
0.0186201
0.00960349
-0.00981678
-0.0223012
-0.0192495
-0.0126605
-0.00808283
-0.00232611
0.0041242
0.0116842
0.0166087
0.0128633
0.0121004
0.0217412
0.022296
0.00474842
-0.0109265
-0.0123137
-0.00940063
-0.00870705
-0.00516979
0.00121116
0.0105745
0.0247236
0.0290931
0.0161232
0.0123085
0.0244461
0.01106
-0.0292371
-0.0374907
-0.00281161
0.0237526
0.0240993
0.0238219
0.0337401
0.035266
0.0165393
-0.00288097
-0.00412942
0.00225153
0.00599687
0.00786954
0.00322255
-0.0091232
-0.0225093
-0.0276418
-0.0143251
0.00960349
0.0182733
0.00315319
-0.019735
-0.0330518
-0.031942
-0.0234803
-0.016059
-0.00898449
0.00134988
0.0122391
0.0202846
0.0251397
0.0251397
0.0212557
0.0160538
0.00752275
-0.00406006
-0.0115507
-0.0124524
-0.00752797
0.0062743
0.0197991
0.0143892
-0.00114702
-0.00135509
0.0115455
0.0178571
0.0115455
-0.00156317
-0.0109959
-0.010441
-0.00877641
-0.0121056
-0.0056553
0.0128633
0.0173716
-0.00239546
-0.0213302
-0.0176543
0.000170787
0.00766147
-0.00385198
-0.0137702
-0.00510043
0.00703724
0.00870184
0.0116842
0.0169555
0.0071066
-0.0116895
-0.0113427
0.0129327
0.0327691
0.0261801
0.00544201
-0.0127992
-0.0288903
-0.0330518
-0.0140476
0.00689853
0.00377741
-0.0144638
-0.0232723
-0.0161284
-0.00329712
0.00315319
-0.000938943
-0.0099555
-0.0151574
-0.0112039
-0.00190996
0.00488714
0.0109213
0.0187588
0.0191749
0.0114068
0.0112681
0.0211169
0.0253478
0.0164006
0.00356934
-0.00066151
0.00488714
0.00904863
0.00870184
0.011823
0.0153602
0.00988093
0.00454035
0.00911799
0.0101584
-0.00232611
-0.0148799
-0.0145331
-0.00773604
-0.00856834
-0.0195963
-0.0203592
0.00467907
0.0295093
0.0252091
0.010089
0.00967285
0.0145279
0.0159844
0.0275672
0.0414389
0.0246542
-0.0166832
-0.0347857
-0.0126605
0.0165393
0.0257639
0.0214637
0.0154296
0.00523393
-0.0113427
-0.0220932
-0.0108572
0.019383
0.0442132
0.0395662
0.00953414
-0.0166139
-0.0207754
-0.0103716
0.00155795
0.00565008
-0.00218739
-0.0110652
-0.00426813
0.0128633
0.0216025
0.0224347
0.0251397
0.02403
0.0139731
0.00544201
0.00488714
0.00849376
0.0169555
0.0268043
0.0226428
0.00662109
0.00363869
0.0173716
0.0240993
0.0177184
0.0161232
0.0254865
0.038942
0.0481666
0.0367919
0.00606623
-0.00662631
0.00995028
0.0191056
0.00946478
0.00752275
0.0211863
0.0345031
0.033532
0.0149441
-0.0039907
-0.000245361
0.0123778
0.00696788
0.000309504
0.0171635
0.0388033
0.036237
0.0143198
-0.00253418
-0.00621016
-0.00475364
0.000725653
0.00814697
0.00960349
0.0041242
-0.00197931
-0.0010083
0.00641302
0.00939542
0.0102971
0.0188281
0.0231977
0.0101584
-0.00343584
-0.00135509
0.00460971
0.00828569
0.0180652
0.0234751
0.0116149
0.00377741
0.0209782
0.0413002
0.0358902
0.0141811
0.0032919
0.0118923
0.025972
0.0270124
0.0190362
0.0179265
0.0161232
0.00467907
0.00148859
0.0143198
0.0221573
0.0173022
0.0166087
0.0221573
0.0139037
-0.0100942
-0.023411
-0.00981678
0.0130714
0.0191056
0.0138343
0.0160538
0.0170942
0.00669045
0.00107244
0.00974221
0.0200766
0.0218799
0.0173022
0.00849376
-0.00190996
-0.00364391
0.00565008
0.0092567
0.00419356
0.0049565
0.00551136
-0.00496171
-0.0105104
-0.00170188
0.00349998
-0.00711182
-0.0169607
-0.00891513
0.0041242
0.00467907
0.000101429
0.000101429
-0.00149381
-0.00759732
-0.00946999
-0.00406006
0.00481778
0.0141118
0.0233364
0.0329078
0.0365144
0.0262494
0.00474842
-0.0137702
-0.00745861
0.0283995
0.0583623
0.0475424
0.0143198
-0.000592152
0.00370805
-0.00301969
-0.0217464
-0.0233416
-0.00662631
0.00245961
-0.00516979
-0.017793
-0.0159203
0.00308383
0.0134875
0.00773082
0.00918734
0.0202846
0.0200766
0.00682917
-0.00301969
0.000656294
0.0136263
0.0196604
0.00960349
-0.000522794
0.010089
0.0321449
0.0376242
0.0263882
0.0152215
0.00259832
-0.0018406
0.0197991
0.0360983
0.0121697
-0.0175849
-0.016822
-0.00960871
-0.0169607
-0.0175849
-0.0018406
0.0049565
-0.00738925
-0.00822155
0.0178571
0.0365838
0.0236832
0.00717596
0.00974221
0.0144586
0.0125165
0.0168861
0.0219492
0.0132795
0.00481778
0.0116149
0.017441
0.0121004
0.0145279
0.030619
0.0357515
0.0227122
0.0139037
0.012794
0.00675981
-0.000522794
-0.00301969
0.00141923
0.0182039
0.0390807
0.0413695
0.0170942
-0.0142557
-0.0259079
-0.00870705
0.0150828
0.012031
-0.0106491
-0.00988614
0.0195217
0.035266
0.0217412
0.0104358
0.0131408
0.00356934
-0.0213996
-0.0352712
-0.0306936
-0.0157816
0.0041242
0.0177184
0.0163312
0.00447099
-0.00572465
-0.00655695
-0.00392134
-0.00142445
0.00544201
0.00682917
-0.00946999
-0.0217464
-0.00128573
0.0358209
0.049207
0.0295786
0.00419356
0.00148859
0.0209782
0.0374855
0.0357515
0.0245155
0.0182733
0.0234751
0.0274285
0.00703724
-0.0256304
-0.0296532
-0.00426813
0.0125165
0.00759211
0.000170787
0.0028064
0.00752275
0.00183538
-0.0109265
-0.0162671
-0.0134928
-0.0184866
-0.0331905
-0.0398489
-0.0311097
-0.0163364
-0.00142445
0.00967285
0.00565008
-0.0109959
-0.0157816
-0.00107766
0.00884055
0.00440163
0.00932606
0.0237526
0.0136263
-0.011412
-0.00475364
0.0233364
0.0201459
-0.00884577
-0.0139089
0.00544201
0.00842441
-0.012175
-0.0295839
-0.0302081
-0.0182785
0.00259832
0.0212557
0.0207702
0.00800826
0.00592751
0.0153602
0.0175797
0.00759211
-0.000384078
0.000656294
-0.000453436
-0.00260354
0.0116149
0.0261107
0.013002
-0.004823
0.00225153
0.0132795
0.00370805
-0.0105797
-0.00475364
0.0145973
0.0170942
-0.00406006
-0.0170994
-0.00822155
-0.00190996
-0.00246482
0.00953414
0.0250704
0.0171635
-0.00662631
-0.0155042
-0.00329712
0.0145973
0.0238219
0.0144586
-0.00114702
0.00738403
0.0297174
0.0238219
-0.000730868
-0.004823
0.00259832
-0.00225675
-0.0124524
-0.0223706
-0.0324969
-0.0252836
0.00356934
0.022296
0.0109213
-0.00808283
-0.00981678
0.00377741
0.0204927
0.0288851
0.0188975
-0.00378263
-0.0134234
0.00599687
0.0318675
0.0268043
-0.00489236
-0.0215383
-0.0137008
-0.00794411
-0.0056553
0.00953414
0.025001
0.0204234
0.00967285
0.0159844
0.0288851
0.0218105
0.00426292
0.00592751
0.020354
0.0246542
0.0250704
0.0308964
0.0343643
0.0356822
0.0348499
0.0217412
-0.000384078
-0.019735
-0.0331211
-0.0329824
-0.0139089
0.00814697
0.0168861
0.0185507
0.0255559
0.0290238
0.00897927
-0.0261159
-0.0414441
-0.0248675
-3.72869e-05
0.0119617
0.0124472
0.00995028
0.00953414
0.0151521
0.0226428
0.0159151
-0.00752797
-0.020706
-0.0082909
0.0112681
0.0216025
0.0254171
0.0234058
0.0144586
0.00821633
0.0132795
0.0197298
0.0148747
0.00537265
0.00675981
0.0205621
0.0327691
0.0295093
0.012031
-0.00849898
-0.0241046
-0.0286822
-0.018001
0.000170787
0.00745339
-0.00295033
-0.00842962
0.00759211
0.017649
0.00134988
-0.00690374
0.0129327
0.023267
0.00287575
-0.0147412
-0.00648759
0.00356934
-0.00600209
-0.0166139
-0.00766668
0.00363869
-0.00225675
-0.00593273
0.0109907
0.0284689
0.0274979
0.0197991
0.0182039
0.0173716
0.0103664
-0.00211803
-0.00849898
0.00731468
0.0322142
0.0348499
0.0197298
0.0138343
0.0182039
0.0195217
0.0157764
0.0087712
0.000378862
-0.000522794
0.010089
0.019383
0.017441
0.00870184
-0.00468428
-0.0218157
-0.0281273
-0.013354
0.0101584
0.0271511
0.0326304
0.0254171
0.0134182
0.00890991
0.0111294
0.0107826
0.00426292
-0.00308904
-0.00135509
0.00696788
0.0071066
-3.72869e-05
-0.000730868
-0.000522794
-0.0107878
-0.0173075
-0.00766668
0.0011418
-3.72869e-05
0.00315319
0.0119617
0.0181345
0.025001
0.0301335
0.0274285
0.0252091
0.025001
0.0145279
-0.00426813
-0.0158509
-0.0116201
0.00308383
0.0156377
0.0194523
0.017649
0.0140424
0.0100196
0.00641302
0.00398548
0.00266768
0.0032919
0.00266768
-0.00711182
-0.0195269
-0.0130766
0.016678
0.0463633
0.0519813
0.0331159
0.00391613
-0.0209141
-0.0240352
0.0019741
0.035266
0.0464327
0.0354047
0.028677
0.0388033
0.047473
0.0385952
0.0236138
0.0180652
0.0165393
0.00620494
-0.0053085
-0.00211803
0.00807761
0.012031
0.0182733
0.032353
0.0326998
0.00419356
-0.0279886
-0.0333292
-0.0175849
-0.00142445
0.00946478
0.0204234
0.0282608
0.0167474
-0.0100942
-0.0210528
-0.00690374
0.00426292
0.00107244
0.000864369
0.00766147
0.0139037
0.0190362
0.0143198
-0.00537786
-0.0183478
-0.00704246
0.0139731
0.0295786
0.0406759
0.0431035
0.033532
0.0205621
0.0111987
0.00946478
0.0153602
0.017441
0.00995028
0.00682917
0.0122391
0.00821633
-0.00537786
-0.00468428
0.0133488
0.0223654
0.0116149
0.00176602
0.00807761
0.015707
0.0107826
0.00585815
0.0079389
0.00169667
-0.0116201
-0.00946999
0.0102971
0.0245848
0.0206314
0.00849376
0.00551136
0.0141811
0.0158457
0.00502586
0.00565008
0.0259027
0.0375548
0.0236138
0.00551136
0.00183538
0.00474842
0.00863248
0.0175103
0.0245155
0.0181345
0.00398548
-0.00121638
0.00391613
0.00863248
0.0143892
0.0231977
0.02403
0.0162619
0.0133488
0.0199379
0.0270124
0.0222267
0.00440163
-0.0144638
-0.0215383
-0.0112733
0.011823
0.0297174
0.0251397
0.00509521
-0.0053085
-0.000522794
0.000101429
-0.00621016
-0.0010083
0.0116149
0.00821633
-0.00787476
-0.0091232
0.00682917
0.0121004
-0.00197931
-0.0157816
-0.0137008
0.00336126
0.0211169
0.0261107
0.0210476
0.0134182
0.00738403
0.00884055
0.0124472
0.00384677
-0.0144638
-0.0235497
-0.0110652
0.0170248
0.0343643
0.0239606
0.00842441
0.0119617
0.0207008
0.0182039
0.0138343
0.0134182
0.00745339
-0.00551658
-0.0112039
-0.00281161
0.00259832
-0.00322776
0.00252896
0.0272205
0.0394968
0.0241687
0.00419356
-0.0018406
0.00239025
0.00682917
0.00731468
0.0108519
0.0194523
0.0197991
0.0108519
0.00939542
0.0157764
0.0157764
0.00766147
0.00176602
0.00232089
0.0049565
0.00932606
0.0151521
0.0140424
0.00613559
0.00356934
0.00967285
0.0188975
0.0290931
0.0348499
0.0225735
-0.00551658
-0.0191801
-0.0018406
0.0188281
0.0144586
-0.00218739
-0.00627952
-0.000522794
-0.000522794
-0.00607144
-0.00926192
-0.0107184
-0.0108572
-0.00128573
0.0157764
0.0172329
-0.0018406
-0.0125218
0.000864369
0.0195217
0.0247236
0.0194523
0.0152215
0.0141118
0.0145279
0.0253478
0.0473343
0.0590558
0.0480279
0.0244461
0.00204346
-0.00773604
-0.00336648
0.00551136
0.0177184
0.0340176
0.0401211
0.0288851
0.0126553
0.00613559
0.00967285
0.00516457
-0.0166139
-0.0325663
-0.023411
-0.000384078
0.0186201
0.0224347
0.0148054
0.0154296
0.0252784
0.0212557
-0.000453436
-0.0141863
-0.00301969
0.016678
0.0195911
0.00960349
0.00620494
0.00918734
0.00946478
0.00904863
0.00613559
-0.00281161
-0.00669567
-0.000245361
0.00232089
-0.00322776
-0.00503107
-0.00225675
-0.00621016
-0.0155042
-0.0155042
-0.00246482
0.00821633
0.00509521
0.00502586
0.0231977
0.0359596
0.0240993
0.0102971
0.013002
0.0197298
0.0218105
0.0252784
0.0299948
0.0311045
0.0321449
0.0338095
0.0265962
0.0134875
0.0107132
0.0159844
0.0092567
-0.00711182
-0.00669567
0.0122391
0.0229203
0.0207008
0.0209782
0.0184813
0.00259832
-0.00856834
-0.00225675
-0.000384078
-0.0106491
-0.0121056
-0.00288097
0.00481778
0.00433228
-0.0086377
-0.019735
-0.0121056
0.00571944
0.0229203
0.0353354
0.0302722
0.0108519
0.00405484
0.0145279
0.0151521
0.000725653
-0.00142445
0.0125165
0.0168167
0.0129327
0.0248623
0.0396356
0.028677
0.0057888
0.000170787
0.00897927
0.0113374
-0.00107766
-0.0107184
0.000170787
0.0179265
0.0191056
0.00724532
0.00669045
0.0237526
0.032561
0.0134182
-0.0156429
-0.024382
-0.00426813
0.0236832
0.0356128
0.0343643
0.0311739
0.022296
0.00842441
-0.00107766
-0.00579401
-0.00974743
-0.0112039
-0.00836026
-0.000314719
0.0133488
0.0234751
0.0180652
0.00641302
0.00884055
0.0202153
0.0173716
0.00121116
-0.00752797
-0.00190996
0.00946478
0.0161232
0.0114068
-0.00447621
-0.0223706
-0.0291677
-0.0181398
0.000725653
0.00682917
-0.00163252
-0.00170188
0.0156377
0.028677
0.0167474
-0.00752797
-0.0139783
-0.0039907
-0.00336648
-0.0132847
-0.0169607
-0.010441
3.20712e-05
0.00759211
0.00780018
0.0041242
0.00634366
0.0153602
0.019383
0.0169555
0.0200072
0.0247236
0.0231283
0.0226428
0.0237526
0.018412
0.0122391
0.014736
0.021325
0.0168167
-0.00579401
-0.0331211
-0.0424151
-0.0271563
-0.0039907
0.0108519
0.0135569
0.000378862
-0.0219545
-0.0251449
0.00155795
0.027706
0.0272205
0.00953414
-0.00794411
-0.0193882
-0.0222319
-0.0146719
0.00571944
0.0365838
0.0587784
0.0540621
0.0314513
0.0117536
0.000101429
-0.00579401
-0.00197931
0.00974221
0.0181345
0.0207008
0.0231283
0.0234751
0.0145973
-0.00336648
-0.0168913
-0.0121056
0.000933727
0.00752275
0.0142505
0.0263188
0.0346418
0.0295786
0.00592751
-0.0220238
-0.0217464
0.00717596
0.0295786
0.0293012
0.0133488
-0.00738925
-0.00787476
0.0229896
0.0478892
0.036237
0.0148747
0.00835505
0.00100309
-0.0103716
-0.00655695
0.0125165
0.0318675
0.0372774
0.0249316
0.0114068
0.00488714
-0.00607144
-0.013354
3.20712e-05
0.0164699
0.0141118
0.00863248
0.0129327
0.00745339
-0.012383
-0.0190414
-0.00260354
0.0117536
0.00856312
0.0062743
0.0207702
0.0342256
0.0195911
-0.0212609
-0.0530963
-0.0486573
-0.0191108
0.0127246
0.032561
0.0282608
0.00336126
-0.0172381
-0.0218157
-0.0217464
-0.0190414
-0.00849898
-0.00392134
-0.0164752
-0.0287516
-0.0192495
0.0111294
0.038179
0.0395662
0.0244461
0.0103664
-0.00586337
-0.0164058
-0.00378263
0.0128633
0.00731468
-0.00468428
-0.00218739
0.00377741
-0.00378263
-0.0193882
-0.0202899
-0.00295033
0.00752275
0.00141923
-0.00447621
0.00162731
0.0189668
0.0331159
0.0264575
0.0112681
0.0112681
0.0212557
0.0272898
0.0254171
0.0102971
-0.00621016
-0.00190996
0.0135569
0.016678
0.0123778
0.0157764
0.0235445
0.0209782
0.0049565
-0.00593273
0.00363869
0.017441
0.0186201
0.018412
0.0204927
0.00932606
-0.00274225
0.00252896
0.00301447
-0.012383
-0.0173075
-0.00794411
-0.00440685
-0.00884577
-0.0141863
-0.0223706
-0.0311791
-0.0286822
-0.0117588
0.0127246
0.0329078
0.0270124
-0.00690374
-0.0293758
-0.0146025
0.00807761
0.00558072
-0.00808283
0.00044822
0.0212557
0.0165393
-0.0103716
-0.0218157
-0.0119669
-0.00933128
-0.0163364
-0.00731989
0.0111987
0.00946478
-0.00433749
-0.0031584
0.00856312
0.0119617
0.00523393
-0.0018406
-0.00329712
0.00176602
0.00641302
0.00405484
0.00689853
0.0245155
0.0365144
0.0286076
0.015707
0.00870184
0.00516457
0.0087712
0.0218799
0.0283302
0.0152215
-0.00225675
-0.0086377
-0.0105797
-0.0127992
-0.0086377
0.00426292
0.0161925
0.0134182
-0.000938943
-0.0107878
-0.0125218
-0.00766668
0.00953414
0.0334627
0.0466407
0.0403291
0.0200766
-0.00301969
-0.0194576
-0.0232029
-0.0183478
-0.0152961
-0.0151574
-0.0130766
-0.00898449
-0.000592152
0.0154296
0.0308964
0.0338788
0.025001
0.0111294
0.000864369
0.0100196
0.0338788
0.0368612
0.0116149
-0.0039907
0.00467907
0.0104358
0.00474842
0.00988093
0.0215331
0.0107826
-0.0115507
-0.013146
-0.00468428
-0.00815219
-0.0103023
-0.00149381
-0.000176003
-0.00822155
-0.0069731
0.000240146
-0.00107766
-0.00690374
-0.00510043
0.0127246
0.0410227
0.0566977
0.0494844
0.0303416
0.00731468
-0.00731989
0.00148859
0.0241687
0.0372774
0.0336708
0.0234751
0.0155683
0.0109213
0.0123085
0.0139731
0.00558072
0.00107244
0.0152909
0.0258333
0.0107826
-0.00662631
-0.00135509
0.0100196
0.0134182
0.0199379
0.0259027
0.0209782
0.0164699
0.0177184
0.0171635
0.0194523
0.0290931
0.0317287
0.0153602
-0.00412942
-0.00350519
0.00821633
0.0103664
0.0116842
0.0209782
0.0246542
0.0194523
0.010089
-0.00662631
-0.0266015
-0.0352712
-0.0254917
-0.00662631
0.00703724
0.0188281
0.0354741
0.0406759
0.0173716
-0.0142557
-0.00648759
0.0413002
0.0429648
-0.045883
-0.0986646
0.0195217
0.182652
0.117872
-0.148741
-0.215394
0.106427
0.380808
0.117872
-0.399401
-0.396974
0.202211
0.50704
-0.0303468
-0.657136
-0.376166
0.45412
0.559405
-0.271782
-0.783923
-0.158937
0.687579
0.454605
-0.552267
-0.82526
0.111005
0.936506
0.426307
-0.694173
-0.765682
0.32442
0.948158
0.173774
-0.820544
-0.517449
0.639167
0.900301
-0.156509
-0.965364
-0.301398
0.855911
0.76526
-0.454819
-0.98957
-0.041999
0.966884
0.515918
-0.738909
-0.945389
0.19694
1.00281
0.285996
-0.873395
-0.726772
0.513768
0.999691
0.0363757
-0.893509
-0.3942
0.754787
0.809441
-0.309929
-0.909461
-0.0921449
0.877829
0.506693
-0.649299
-0.828936
0.24445
0.931789
0.18071
-0.869858
-0.606921
0.613019
0.955371
-0.122801
-1.00143
-0.321859
0.947811
0.928529
-0.362711
-1.02002
-0.0931853
1.00656
0.622521
-0.686822
-0.97979
0.186259
1.09457
0.402448
-0.867708
-0.829769
0.452594
1.05025
0.0615527
-1.04582
-0.639866
0.661709
0.934286
-0.204574
-1.05095
-0.342944
0.867217
0.768936
-0.485336
-0.996228
-0.00211803
0.986721
0.501977
-0.691538
-0.789333
0.321091
0.930888
0.121201
-0.87388
-0.541863
0.609759
0.813742
-0.233566
-0.900167
-0.133829
0.917918
0.653802
-0.532292
-0.854183
0.173219
1.02639
0.42603
-0.763878
-0.783923
0.4098
1.05206
0.187022
-0.887544
-0.55296
0.690423
0.963833
-0.170381
-1.04214
-0.35314
0.880048
0.819776
-0.45038
-1.03881
-0.0773022
0.97708
0.533743
-0.747995
-0.956278
0.232104
1.0712
0.312699
-0.926523
-0.802025
0.496983
1.02778
0.0261801
-0.958359
-0.451697
0.734881
0.808887
-0.302994
-0.903219
-0.100953
0.856605
0.490463
-0.652628
-0.818741
0.268101
0.956065
0.197703
-0.842739
-0.563364
0.646866
0.960712
-0.141875
-1.03958
-0.371242
0.911467
0.925131
-0.346481
-1.00878
-0.0876366
1.01356
0.623354
-0.697572
-0.992344
0.179184
1.08861
0.388992
-0.89226
-0.855778
0.445797
1.07245
0.0910993
-1.03923
-0.641877
0.690492
0.974514
-0.213868
-1.10512
-0.378178
0.873667
0.788495
-0.473615
-0.992275
-0.0056553
0.967093
0.460709
-0.741823
-0.828173
0.304861
0.93824
0.147765
-0.842947
-0.532708
0.588536
0.79446
-0.222746
-0.886642
-0.155677
0.872419
0.611216
-0.574531
-0.896769
0.155672
1.03936
0.437821
-0.763878
-0.778513
0.401408
0.991576
0.103514
-0.926454
-0.541586
0.710884
0.967855
-0.198332
-1.09922
-0.401343
0.872419
0.839612
-0.442889
-1.06205
-0.10567
0.974791
0.552331
-0.733569
-0.961618
0.198466
1.01634
0.276771
-0.902941
-0.735442
0.548377
1.0361
0.010089
-0.971745
-0.446288
0.755758
0.814851
-0.335106
-0.947469
-0.110802
0.894128
0.548377
-0.619197
-0.832751
0.237792
0.949892
0.199575
-0.871037
-0.606158
0.638612
0.996362
-0.0985258
-1.01939
-0.373531
0.892324
0.884001
-0.398985
-1.04256
-0.0783426
1.07023
0.704849
-0.630225
-0.960578
0.189588
1.09645
0.385247
-0.916952
-0.87721
0.449542
1.08722
0.0963705
-1.0384
-0.630849
0.709913
0.986998
-0.216088
-1.10984
-0.365485
0.903769
0.812493
-0.479787
-1.0273
-0.0320114
0.98249
0.494209
-0.741406
-0.862575
0.279199
0.931997
0.13098
-0.870066
-0.536314
0.613366
0.817279
-0.221914
-0.895798
-0.151238
0.896971
0.643537
-0.547342
-0.874782
0.176132
1.04644
0.416805
-0.806742
-0.819989
0.39142
1.02674
0.143534
-0.933667
-0.580495
0.684874
0.964942
-0.175097
-1.04852
-0.349325
0.888163
0.801327
-0.505658
-1.08743
-0.0748747
1.0146
0.554204
-0.765612
-0.990471
0.199021
1.04172
0.303266
-0.900583
-0.766306
0.502601
1.00801
0.00946478
-0.972646
-0.462725
0.752637
0.842179
-0.306462
-0.938938
-0.108583
0.89385
0.535477
-0.621556
-0.796754
0.272401
0.926657
0.147349
-0.87936
-0.56489
0.674471
0.99435
-0.119403
-1.02883
-0.367635
0.904046
0.898081
-0.386293
-1.03965
-0.104144
0.995599
0.598107
-0.716091
-0.987697
0.215042
1.13917
0.40765
-0.928951
-0.901832
0.441011
1.08958
0.0914461
-1.0461
-0.632514
0.710884
0.990882
-0.200413
-1.08105
-0.338782
0.91334
0.805488
-0.485683
-1.01246
-0.000453436
1.01481
0.525767
-0.714079
-0.851963
0.271847
0.918403
0.128137
-0.854044
-0.519946
0.609066
0.798622
-0.240363
-0.915357
-0.177872
0.870546
0.63563
-0.533956
-0.86847
0.153938
1.01696
0.41195
-0.782813
-0.785241
0.411048
1.01668
0.120923
-0.948648
-0.594436
0.673291
0.974861
-0.156093
-1.06011
-0.394269
0.859033
0.82685
-0.459951
-1.09458
-0.14132
0.96515
0.569046
-0.72809
-0.970496
0.223781
1.0755
0.297787
-0.950799
-0.801332
0.512311
1.03139
0.0290238
-0.938314
-0.425758
0.742233
0.776566
-0.366664
-0.947955
-0.0928385
0.894405
0.521189
-0.644582
-0.839063
0.224822
0.912924
0.165451
-0.878111
-0.603661
0.622521
0.95551
-0.148117
-1.05282
-0.385252
0.888648
0.894058
-0.359312
-1.00053
-0.0915207
0.99005
0.603795
-0.708669
-0.998448
0.191738
1.11746
0.406471
-0.894827
-0.854113
0.469795
1.10012
0.0852732
-1.08154
-0.679608
0.685845
0.990605
-0.194101
-1.08182
-0.353209
0.890382
0.792379
-0.478608
-0.995049
0.00988093
1.00635
0.499965
-0.739256
-0.859523
0.283013
0.939002
0.143395
-0.856055
-0.526466
0.620094
0.823105
-0.213383
-0.878944
-0.132719
0.905572
0.651097
-0.527506
-0.859593
0.165729
1.0316
0.431578
-0.764711
-0.778721
0.407719
1.01335
0.120646
-0.949481
-0.594783
0.681753
0.995252
-0.130985
-1.02675
-0.339753
0.917848
0.849808
-0.469939
-1.0891
-0.110872
0.973196
0.542205
-0.742516
-0.95926
0.218441
1.05109
0.299451
-0.923125
-0.78531
0.516958
1.04706
0.0492763
-0.932488
-0.427353
0.760752
0.822828
-0.321512
-0.932488
-0.107889
0.862223
0.492059
-0.651449
-0.820336
0.258114
0.938517
0.166284
-0.890804
-0.606921
0.636324
0.986582
-0.10567
-1.02251
-0.380883
0.879285
0.87013
-0.409874
-1.05435
-0.113646
0.991507
0.601783
-0.709016
-0.97986
0.21636
1.12114
0.385941
-0.922778
-0.880123
0.44434
1.07918
0.0783374
-1.07231
-0.667471
0.681961
0.965844
-0.229197
-1.11726
-0.374779
0.902451
0.83552
-0.438727
-0.991026
-0.0148799
0.984848
0.494278
-0.737522
-0.849605
0.310479
0.980479
0.178421
-0.837121
-0.509611
0.638682
0.825533
-0.230029
-0.895867
-0.142568
0.891978
0.629041
-0.544013
-0.854044
0.182513
1.03097
0.410702
-0.78746
-0.800291
0.390657
1.02015
0.145199
-0.940395
-0.613857
0.642358
0.945175
-0.176207
-1.0651
-0.393783
0.848837
0.81069
-0.457732
-1.06413
-0.108167
0.962446
0.531732
-0.753544
-0.964462
0.22829
1.06246
0.297093
-0.926384
-0.7799
0.514531
1.02931
0.033324
-0.930823
-0.410776
0.78156
0.851958
-0.279551
-0.899404
-0.097971
0.868257
0.500312
-0.659772
-0.844264
0.231758
0.910843
0.154701
-0.856472
-0.544013
0.666078
0.952111
-0.171837
-1.0685
-0.383033
0.915074
0.918472
-0.38657
-1.06586
-0.116767
1.03395
0.663859
-0.68155
-1.00316
0.180086
1.1124
0.392114
-0.931725
-0.891775
0.448432
1.08334
0.0781987
-1.05789
-0.641947
0.697428
0.966052
-0.233358
-1.10831
-0.348631
0.915074
0.80091
-0.499624
-1.02564
-0.0145331
0.986513
0.480961
-0.748203
-0.845929
0.3007
0.926865
0.102127
-0.902803
-0.572519
0.575011
0.794738
-0.222122
-0.898641
-0.18238
0.849322
0.611771
-0.555665
-0.885671
0.144713
1.02612
0.447669
-0.74536
-0.780732
0.396275
1.02556
0.16337
-0.896352
-0.561353
0.667535
0.945661
-0.16726
-1.03895
-0.362711
0.881782
0.838849
-0.445525
-1.05962
-0.100676
0.96307
0.519178
-0.768456
-0.976184
0.215875
1.05844
0.319288
-0.883799
-0.751394
0.50163
0.982421
-0.0223012
-0.980761
-0.450033
0.753678
0.820469
-0.323732
-0.933112
-0.103866
0.866384
0.481169
-0.683215
-0.860494
0.223088
0.920276
0.172873
-0.869372
-0.593951
0.624186
0.959186
-0.108375
-0.976669
-0.321027
0.90682
0.869367
-0.412302
-1.05206
-0.105115
1.01467
0.635353
-0.68918
-0.996367
0.181958
1.12155
0.426238
-0.899057
-0.890873
0.440248
1.09762
0.0977577
-1.05927
-0.656165
0.683903
0.960781
-0.21692
-1.07807
-0.335384
0.906959
0.800841
-0.483394
-1.0187
-0.023411
0.98353
0.488591
-0.749313
-0.86639
0.278436
0.925755
0.118634
-0.886781
-0.563087
0.578132
0.782947
-0.250975
-0.910432
-0.147007
0.896347
0.617944
-0.576126
-0.88144
0.17641
1.03694
0.414655
-0.787876
-0.796893
0.396344
1.01127
0.123559
-0.949342
-0.601303
0.662818
0.965497
-0.155122
-1.04346
-0.37256
0.86798
0.822828
-0.452599
-1.06177
-0.108305
0.962237
0.533465
-0.760688
-0.993315
0.185634
1.03492
0.297093
-0.921252
-0.787113
0.499133
1.00912
0.0101584
-0.95392
-0.435606
0.751042
0.810898
-0.319015
-0.90419
-0.0727246
0.86472
0.452316
-0.689526
-0.822209
0.267269
0.929708
0.154146
-0.881579
-0.576334
0.664691
0.992408
-0.112259
-1.01648
-0.358896
0.904531
0.890799
-0.399748
-1.04852
-0.0910352
1.02951
0.625712
-0.713594
-0.99713
0.204777
1.11573
0.380184
-0.928049
-0.881787
0.444618
1.08306
0.0879782
-1.06753
-0.676348
0.672945
0.979716
-0.182865
-1.05442
-0.333234
0.892116
0.777745
-0.505242
-1.02522
-0.0181398
0.975415
0.470696
-0.746678
-0.846623
0.29092
0.941291
0.155117
-0.84801
-0.540198
0.595818
0.808401
-0.216227
-0.877556
-0.128142
0.909109
0.630497
-0.579178
-0.90419
0.155325
1.03229
0.418816
-0.78753
-0.797725
0.409661
1.03437
0.129385
-0.963491
-0.603176
0.68425
0.973612
-0.192992
-1.1088
-0.418406
0.865136
0.845646
-0.437895
-1.06503
-0.11108
0.960781
0.515987
-0.779623
-0.984715
0.211644
1.05643
0.328998
-0.874088
-0.786004
0.421591
0.952111
0.0758405
-0.85446
-0.496572
0.54484
0.753816
-0.0655114
-0.663309
-0.276707
0.39468
0.431024
-0.0302081
-0.263251
-0.0741811
0.127304
0.0969947
0.0136956
0.0196604
0.00467907
-0.0929078
-0.126338
-0.00704246
0.116207
0.0888798
-0.0376294
-0.116628
-0.0854865
0.0263188
0.138956
0.12987
-0.0330518
-0.169063
-0.0882608
0.113571
0.153799
-0.0252836
-0.165873
-0.0799379
0.0936655
0.116276
-0.0039907
-0.0618354
0.013002
0.0741066
0.00641302
-0.095266
-0.0745279
0.0498312
0.112323
0.0329772
-0.0773716
-0.0788281
0.0160538
0.0832618
0.0496925
-0.031734
-0.0634306
-0.0198044
0.0301335
0.0107826
-0.0488654
-0.057119
-0.00433749
0.0308964
0.00842441
-0.0219545
-0.013354
0.0154296
0.0302029
0.0101584
-0.0386004
-0.0639161
-0.0238271
0.0417857
0.0499699
-0.00648759
-0.0467153
-0.0220932
0.0178571
0.0062743
-0.0404037
-0.0571884
-0.0220238
0.0211169
0.0113374
-0.034647
-0.033676
0.0299948
0.0763954
0.0478198
-0.0110652
-0.024382
0.0154296
0.0564202
0.0453923
-0.015088
-0.0613499
-0.0440797
0.0154989
0.0480973
0.0166087
-0.0372826
-0.0445652
-0.00190996
0.0124472
-0.0349244
-0.0632225
-0.016822
0.0341563
0.0105051
-0.0462992
-0.0484493
0.00669045
0.0526055
0.043589
0.000170787
-0.0201511
0.00218217
0.0211169
-0.00558594
-0.0471315
-0.0508074
-0.0112733
0.0322142
0.0243074
-0.0323582
-0.0552464
0.00169667
0.0718177
0.067032
0.00613559
-0.0206367
0.0132795
0.0502474
0.0374161
-0.00773604
-0.0268095
0.00419356
0.0426873
0.0301335
-0.0216077
-0.0443571
-0.00870705
0.0399824
0.0365144
-0.0143251
-0.0396408
-0.00461492
0.0438664
0.0431035
-0.0039907
-0.0325663
-0.00836026
0.029648
0.033324
0.0109907
0.00558072
0.0318675
0.049207
0.00745339
-0.0594078
-0.0613499
0.00904863
0.0608592
0.0324917
-0.0279193
-0.0395021
0.00488714
0.0530217
0.0526749
0.00121116
-0.0343696
0.00426292
0.0725807
0.0704999
-0.00940063
-0.0693954
-0.0418602
0.0349886
0.0634948
0.0114068
-0.0355487
0.00447099
0.0808343
0.0745921
-0.0169607
-0.0693261
-0.0206367
0.0471956
0.0384565
-0.0196656
-0.0293064
0.0354741
0.0963012
0.0667546
-0.0309017
-0.0829203
-0.0296532
0.0582929
0.0709161
0.00662109
-0.0345083
0.00308383
0.0589171
0.0419244
-0.0358954
-0.0755683
-0.0329824
0.0283995
0.0241687
-0.0324969
-0.0472702
0.0141118
0.0682111
0.033324
-0.0408892
-0.0501139
0.00918734
0.0580848
0.0417857
-0.0184172
-0.0513623
-0.0193882
0.0311739
0.0272205
-0.0236884
-0.0407505
0.00911799
0.0632173
0.0490683
-0.0148106
-0.0486573
-0.0202205
0.0258333
0.0292318
-0.00752797
-0.0240352
0.00863248
0.0436583
0.0213944
-0.0404731
-0.0664824
-0.0276418
0.023059
0.016678
-0.041236
-0.0704358
-0.0216077
0.0510797
0.0605124
0.0161925
-0.00426813
0.0173022
0.03159
-0.000730868
-0.0510155
-0.0525414
0.00696788
0.064119
0.056767
0.000864369
-0.0313178
-0.00156317
0.0465714
0.0411614
-0.0146719
-0.0456056
-0.0142557
0.0302029
0.0181345
-0.0358954
-0.048588
-0.000592152
0.0348499
0.00232089
-0.0567722
-0.0629451
-0.00329712
0.0593333
0.0582235
0.00294511
-0.0340228
-0.0146025
0.0245155
0.0265269
-0.0112733
-0.0400569
-0.022648
0.0191749
0.0167474
-0.0381843
-0.0602401
-0.00870705
0.0521894
0.0535765
0.00121116
-0.0450507
-0.034647
0.0197991
0.0456697
0.00911799
-0.0338147
-0.0204286
0.0338788
0.0494151
-0.00516979
-0.048588
-0.00815219
0.0555186
0.0488602
-0.00114702
-0.0116201
0.0286076
0.0635641
0.0365144
-0.0349244
-0.0650952
-0.0157122
0.0442132
0.0321449
-0.0243126
-0.0358261
0.0113374
0.0532991
0.0378323
-0.0198737
-0.0501832
-0.00822155
0.0564202
0.0535765
-0.0127992
-0.047825
-0.0102329
0.0402598
0.0315207
-0.0251449
-0.0471315
0.00239025
0.0512877
0.0225041
-0.0443571
-0.0567722
-0.00288097
0.0485134
0.0376935
-0.0147412
-0.0350631
0.00724532
0.0618302
0.0582235
-0.00329712
-0.0447733
-0.0116895
0.0442132
0.0299948
-0.0450507
-0.0851397
-0.049559
0.0079389
0.0157764
-0.0252836
-0.0496977
-0.0162671
0.0428954
0.0505941
-0.0109265
-0.0610724
-0.0423457
0.00245961
0.00634366
-0.023411
-0.0238965
0.02403
0.0659223
0.0427567
-0.0248675
-0.0528882
-0.00745861
0.0453229
0.0302722
-0.0257692
-0.0393633
0.00287575
0.0338095
0.00516457
-0.0385311
-0.0293758
0.0229896
0.0607898
0.0461552
-0.00600209
-0.036589
-0.00870705
0.0393581
0.0356128
-0.0205673
-0.0505994
-0.0152961
0.0320062
0.028677
-0.0159203
-0.0442184
-0.0175849
0.038179
0.0436583
-0.019735
-0.0605176
-0.0155735
0.0535765
0.0589865
0.00648238
-0.03
-0.00641824
0.0354741
0.0191749
-0.0381843
-0.0483105
0.000170787
0.0390807
0.023059
-0.0236884
-0.0417215
-0.00856834
0.0363064
0.0370693
-0.00621016
-0.0296532
0.000240146
0.0282608
-0.000314719
-0.0427619
-0.0301387
0.0247929
0.0546863
0.0182039
-0.0491428
-0.064471
-0.000245361
0.069737
0.0598881
-0.0106491
-0.0490041
-0.0129379
0.0457391
0.0465714
-0.0134234
-0.051501
-0.0132153
0.0544088
0.0626625
0.00655174
-0.0259079
0.00967285
0.0489989
0.0241687
-0.0315259
-0.0388778
0.0161232
0.0669627
0.0433809
-0.0315952
-0.0576739
0.0107826
0.0935962
0.0839554
0.00204346
-0.0410973
-0.00988614
0.0356128
0.037
-0.000314719
-0.0182785
0.0116842
0.0367225
0.000933727
-0.0592691
-0.068355
-0.0151574
0.0420631
0.0399824
-0.0145331
-0.0429006
-3.72869e-05
0.0563509
0.0507329
0.00689853
-0.00253418
0.0348499
0.0741066
0.0617608
-0.00128573
-0.0381149
0.00141923
0.0587784
0.0483747
-0.0145331
-0.0374213
0.00814697
0.0499006
0.0268737
-0.0259772
-0.0367971
0.00675981
0.047473
0.0297174
-0.0207754
-0.0302774
0.0173022
0.0609285
0.0417857
-0.0167526
-0.0426925
-0.0125218
0.0322836
0.0363064
-0.00967807
-0.0508074
-0.0295839
0.0363757
0.0644658
0.0210476
-0.0286128
-0.0157816
0.0394968
0.0539233
0.00225153
-0.0392246
-0.0103023
0.0427567
0.0406066
-0.0123137
-0.0421377
-0.01703
0.0164006
0.00682917
-0.0284048
-0.0352712
0.00433228
0.0496231
0.0401211
-0.0195269
-0.0537205
-0.0152961
0.0476117
0.0444213
-0.0259772
-0.0671066
-0.0275725
0.0410921
0.0611366
0.0202153
-0.0186253
-0.00225675
0.0411614
0.0386646
-0.0195963
-0.05809
-0.0209834
0.0467795
0.0527443
-0.0114814
-0.0555238
-0.0196656
0.0384565
0.0253478
-0.041236
-0.0584368
-0.000522794
0.0515652
0.0329772
-0.0132847
-0.00849898
0.0450455
0.0772277
0.0370693
-0.0413054
-0.0738343
-0.0334679
0.0263882
0.0380403
-0.00537786
-0.0343696
0.00842441
0.0738985
0.0652287
-0.0103716
-0.0511542
-0.0118975
0.0485828
0.0503167
-0.00822155
-0.0488654
-0.0202205
0.0287463
0.0163312
-0.0435942
-0.0566335
0.0108519
0.080973
0.0699451
0.000240146
-0.0405424
-0.017793
0.0260414
0.0305496
-0.00516979
-0.0250062
-0.00170188
0.0259027
0.00682917
-0.0444265
-0.0517785
0.0153602
0.0755631
0.0354741
-0.0577433
-0.0783426
-0.0112039
0.0489296
0.0367225
-0.0185559
-0.0418602
-0.0031584
0.0428954
0.0220186
-0.0460911
-0.0637081
0.00155795
0.0671707
0.0513571
-0.0178623
-0.0528188
-0.0222319
0.0272205
0.0347805
-0.00475364
-0.0410973
-0.0326356
-0.00066151
-0.0061408
-0.0480331
-0.0530963
0.00856312
0.0714016
0.0546863
-0.023411
-0.0644016
-0.0273644
0.0290931
0.0378323
0.00044822
-0.0306242
-0.0146025
0.0274979
0.0266656
-0.0289596
-0.0604482
-0.0211915
0.032353
0.0281221
-0.0212609
-0.0451201
-0.0122443
0.0333933
0.0248623
-0.0312484
-0.0528882
0.00176602
0.0727888
0.0711242
0.000517578
-0.04297
-0.00725053
0.0476811
0.0385952
-0.0182785
-0.0343002
0.0145279
0.0580848
0.0334627
-0.0318033
-0.0549689
-0.00336648
0.0607898
0.0557267
-0.00704246
-0.0469927
-0.0255611
0.0272205
0.0465714
0.00641302
-0.0281273
0.00530329
0.054825
0.0349192
-0.0332598
-0.0612805
-0.0173768
0.0441438
0.0451842
-0.0078054
-0.0274337
0.0179958
0.0587784
0.0317287
-0.0281967
-0.0436636
-0.00288097
0.037
0.0253478
-0.015088
-0.0158509
0.0320755
0.062385
0.0258333
-0.047825
-0.0822267
-0.0386698
0.0285383
0.0341563
-0.0141863
-0.037352
-0.00794411
0.027706
0.0170248
-0.0256998
-0.0313872
0.0189668
0.0580848
0.0290238
-0.0286128
-0.0372826
0.0101584
0.0560041
0.0483747
-0.0053085
-0.0397795
-0.0112039
0.0345724
0.0208395
-0.0378375
-0.0527495
-0.000938943
0.0453923
0.0254171
-0.0318727
-0.0502526
-0.00648759
0.0401211
0.0270817
-0.0220932
-0.0368665
-0.00177124
0.0360983
0.0279834
-0.0252143
-0.0632919
-0.0272257
0.0483053
0.0574606
-0.0159203
-0.0623209
-0.0126605
0.0620382
0.0525362
-0.0256998
-0.0584368
-0.0078054
0.0481666
0.0400517
-0.00544722
-0.0215383
0.00440163
0.0329078
0.0276366
-0.00392134
-0.0167526
0.0140424
0.0485134
0.0276366
-0.0290983
-0.0410973
0.0161925
0.0750776
0.0579461
-0.0146025
-0.043941
0.00273704
0.0530217
0.0422712
-0.00343584
-0.0207754
0.00426292
0.029648
0.00960349
-0.0406812
-0.0554544
-0.0109959
0.0363757
0.0251397
-0.0241046
-0.046854
-0.0246594
0.00613559
-0.00558594
-0.0570497
-0.0775103
-0.0261159
0.0430341
0.0476811
-0.00510043
-0.0299306
0.00870184
0.053854
0.037971
-0.0233416
-0.0430393
0.0200072
0.0897815
0.0671707
-0.0177236
-0.0461604
0.0115455
0.0625931
0.0317287
-0.0350631
-0.0481025
0.00183538
0.0471956
0.032353
-0.0175155
-0.0323582
0.0100196
0.0582929
0.0502474
-0.00385198
-0.0362422
-0.0164058
0.0194523
0.0172329
-0.0247288
-0.0415134
0.00523393
0.0573219
0.0415776
-0.0198044
-0.0480331
-0.0116895
0.0459472
0.0503861
-0.0091232
-0.0472008
0.00509521
0.0887411
0.0866604
0.000725653
-0.0489348
-0.00419877
0.0580848
0.0464327
-0.0134234
-0.0328437
0.00731468
0.0533685
0.0463633
-0.0152267
-0.0582981
-0.0321501
0.0149441
0.0154989
-0.0167526
-0.0215383
0.0195217
0.0609285
0.0435196
-0.0238271
-0.0584368
-0.00600209
0.076326
0.0783374
-0.00329712
-0.0537898
-0.0125911
0.0544088
0.0597494
0.00682917
-0.0235497
0.0142505
0.0666159
0.0500393
-0.0212609
-0.0513623
-0.00655695
0.0488602
0.0517732
0.0113374
-0.0209141
-0.00926192
0.0313126
0.0405372
-0.00288097
-0.0356874
-0.00211803
0.0560041
0.053854
-0.00988614
-0.0508074
-0.0213996
0.0285383
0.0258333
-0.0210528
-0.0390166
0.000933727
0.0442826
0.0260414
-0.0281273
-0.0382536
0.00398548
0.0349192
0.0165393
-0.0191801
-0.0219545
0.0105745
0.0327691
0.0011418
-0.0621822
-0.0805621
-0.0235497
0.0412308
0.0286076
-0.0381149
-0.0601708
-0.0112039
0.0450455
0.046502
0.00239025
-0.0174462
0.023059
0.0703612
0.0494844
-0.0225093
-0.0569803
-0.0234803
0.0201459
0.0148054
-0.0256304
-0.0370052
0.00565008
0.0533685
0.0435196
-0.0118975
-0.031942
0.0169555
0.0639109
0.0331853
-0.0381843
-0.0510155
0.0106439
0.0624544
0.0390807
-0.019735
-0.0323582
0.0132101
0.0532298
0.0311045
-0.0283354
-0.0464379
0.0111294
0.0797939
0.0637028
-0.0191108
-0.0537205
-0.00204867
0.057738
0.0495538
-0.00787476
-0.0339534
0.00786954
0.0632867
0.0521894
-0.0173075
-0.0555932
-0.018001
0.0392194
0.0365144
-0.0230642
-0.061558
-0.0304855
0.0310352
0.0452536
0.00440163
-0.017793
0.0151521
0.0536459
0.0393581
-0.0145331
-0.0413054
-0.00974743
0.0363757
0.0322142
-0.0212609
-0.0517785
-0.00822155
0.0648819
0.073413
0.00759211
-0.0423457
-0.0248675
0.0134875
0.00606623
-0.0429006
-0.0609337
-0.0122443
0.0410227
0.0268043
-0.0286128
-0.0426925
0.00544201
0.0478892
0.013002
-0.0650952
-0.0800766
-0.0126605
0.0439358
0.0250704
-0.0275725
-0.0440103
-0.0105104
0.0381097
0.0546169
0.0228509
-0.0220932
-0.0343696
-0.0118282
0.000795011
-0.0252836
-0.0578126
-0.0469927
-0.00329712
0.00780018
-0.0288209
-0.0525414
-0.0267402
0.00655174
-0.00988614
-0.0578126
-0.0711987
-0.032913
0.00939542
-0.00163252
-0.0589223
-0.0926998
-0.0639855
-0.0100942
0.00155795
-0.0374907
-0.0650259
-0.0441491
-0.0108572
-0.0184866
-0.0587836
-0.0676615
-0.0186946
0.0291625
0.0062743
-0.0606563
-0.0780652
-0.023411
0.0272205
0.0106439
-0.0406118
-0.0546221
-0.0167526
0.0245155
0.0164699
-0.0374907
-0.0760538
-0.0579513
-0.0113427
0.00641302
-0.0156429
-0.0252143
0.0041242
0.0221573
-0.00731989
-0.0392246
-0.0245207
0.0144586
0.0286076
0.0129327
-0.00288097
-0.00572465
-0.0103716
-0.0219545
-0.0209834
-0.0056553
-0.00156317
-0.00891513
-0.00350519
0.00773082
0.0011418
-0.0140476
-0.010441
0.0134875
0.03159
0.0295786
0.0209782
0.0125165
-0.00461492
-0.0212609
-0.0211915
-0.0112039
-0.00260354
-0.00218739
-0.0158509
-0.027087
-0.0139089
0.0100196
0.0154989
0.00169667
-0.0123137
-0.0164752
-0.0114814
-0.00142445
0.0062743
0.0071066
0.00190474
-0.00600209
-0.00773604
0.0041242
0.0165393
0.0108519
-0.00274225
-0.00627952
-0.00454557
-0.00218739
0.00634366
0.0212557
0.0311739
0.0202153
-0.00537786
-0.0195269
-0.0146719
-0.00149381
0.0106439
0.012794
0.00856312
0.00696788
0.00370805
0.00100309
0.00731468
0.00939542
-0.00662631
-0.02244
-0.012383
0.00786954
0.00370805
-0.010441
0.00419356
0.0357515
0.0483747
0.0422018
0.0319368
0.0188975
0.00474842
-0.00371327
0.00134988
0.0179958
0.0291625
0.0283995
0.0252784
0.0189668
0.00655174
-0.000730868
0.00218217
0.00460971
0.00273704
0.00786954
0.0186894
0.0127246
-0.0125218
-0.0222319
-0.000592152
0.0194523
0.0113374
-0.00288097
0.00571944
0.02403
0.0256252
0.0164699
0.0121697
0.00454035
-0.0100249
-0.0115507
0.00308383
0.0111987
0.00974221
0.0173022
0.0326998
0.0316594
0.0153602
0.012031
0.0200072
0.0109907
-0.0116201
-0.0195963
-0.00426813
0.0158457
0.0184813
0.00155795
-0.0123137
-0.00301969
0.0217412
0.0347111
0.0263882
0.0134875
0.00322255
-0.00836026
-0.0105797
0.000795011
0.0107826
0.0114762
0.00696788
-0.00295033
-0.0123137
-0.00600209
0.00821633
0.0057888
-0.00960871
-0.0105104
0.0102971
0.0303416
0.0290238
0.01106
-0.00225675
-0.000245361
0.0019741
-0.00801347
-0.0154348
-0.0110652
-0.00766668
-0.00745861
0.000101429
0.00995028
0.0143198
0.0134182
0.00301447
-0.0069731
0.00232089
0.0163312
0.0136263
0.00121116
-0.00773604
-0.00516979
0.0079389
0.014736
0.00474842
-0.00974743
-0.0177236
-0.0238271
-0.0222319
-0.00225675
0.0150134
0.00426292
-0.018001
-0.0200124
0.00363869
0.0253478
0.0167474
-0.00634888
-0.00440685
0.0195217
0.0286076
0.013765
-0.0010083
-0.00225675
0.00107244
0.00509521
0.0131408
0.0177184
0.00828569
-0.00974743
-0.021677
-0.0209834
-0.0134928
-0.0112733
-0.016059
-0.0180704
-0.0155735
-0.00579401
0.0216025
0.0481666
0.0430341
0.0160538
-0.0018406
0.000240146
0.0136956
0.0219492
0.0177878
0.0118923
0.016678
0.0240993
0.0153602
-0.00648759
-0.0164752
-0.004823
0.011823
0.0197298
0.0259027
0.0345031
0.0321449
0.0124472
-0.00669567
-0.00544722
0.00946478
0.0178571
0.014736
0.00356934
-0.0086377
-0.00551658
0.00634366
-0.000245361
-0.0157816
-0.00600209
0.0225041
0.0344337
0.0225041
0.00252896
-0.0108572
-0.00711182
0.00724532
0.00745339
-0.0116201
-0.020706
-0.00343584
0.014736
0.0114762
0.000240146
-0.00197931
0.00169667
0.00336126
0.00454035
0.00967285
0.0135569
0.00745339
-0.0026729
-0.00343584
-0.000592152
-0.00239546
0.00474842
0.0247929
0.0322836
0.0195217
0.0102277
0.0112681
0.00842441
0.00266768
0.00675981
0.0143892
0.00967285
-0.0026729
-0.00371327
0.00752275
0.0144586
0.00974221
0.00481778
0.0167474
0.0391501
0.0358902
0.00336126
-0.0099555
0.00655174
0.0150134
0.0132795
0.017649
0.0170942
0.013002
0.0198685
0.0217412
0.00502586
-0.0103716
-0.00870705
0.00509521
0.0145279
0.000586936
-0.021677
-0.00808283
0.0401904
0.0645351
0.0349192
-0.00371327
-0.00579401
0.00287575
-0.0130073
-0.0258385
-0.00406006
0.0272898
0.0331159
0.0170248
0.00162731
-0.00350519
-0.00149381
0.0062743
0.0173022
0.0191749
0.00447099
-0.0132153
-0.0128685
0.0049565
0.0103664
-0.0130766
-0.0382536
-0.0364503
-0.0114814
0.0168167
0.0224347
-0.00357455
-0.0316646
-0.0347857
-0.0204979
-0.00239546
0.0161925
0.027914
0.0208395
0.00155795
-0.00260354
0.012031
0.0153602
-0.00301969
-0.0168913
-0.00745861
0.00897927
0.0109907
