-0.00232611
0.00287575
0.0165393
0.0218105
0.0107826
0.0019741
0.00911799
0.0162619
0.00807761
-0.0010083
0.00211282
0.00592751
0.000933727
-0.00884577
-0.018001
-0.0195963
-0.0112733
-0.00704246
-0.0122443
-0.0118282
-0.00308904
3.20712e-05
-0.00440685
-0.0125911
-0.0188333
-0.00870705
0.0148054
0.0254171
0.012794
-0.0056553
-0.0129379
-0.00933128
-0.00704246
-0.0114814
-0.0103023
0.00509521
0.0188281
0.0175103
0.00932606
0.000586936
-0.00516979
0.00648238
0.0315207
0.033532
0.0019741
-0.018001
-0.000869585
0.0193136
0.0184813
0.0125165
0.0115455
0.0133488
0.0185507
0.0243768
0.0271511
0.0266656
0.0235445
0.0198685
0.0132101
0.000517578
-0.0117588
-0.0172381
-0.0191108
-0.0193188
-0.0153654
-0.00510043
0.00918734
0.0196604
0.0191056
0.00752275
-0.00822155
-0.01703
-0.0137702
-0.00752797
-0.00655695
-0.00745861
-0.0078054
-0.0086377
0.000240146
0.0207008
0.026943
0.00155795
-0.0295839
-0.0296532
-0.00114702
0.0261801
0.0365144
0.0293706
0.0113374
-0.00447621
-0.0125218
-0.016822
-0.0130766
0.00911799
0.038179
0.0396356
0.00571944
-0.0256998
-0.0257692
-0.00953935
-0.00163252
-0.00516979
-0.00974743
-0.00496171
0.0133488
0.0356822
0.0429648
0.0288157
0.00696788
-0.00856834
-0.0145331
-0.00919256
0.00343062
0.00821633
0.00121116
-0.00503107
-0.00211803
0.00932606
0.023059
0.0256252
0.0131408
-0.000384078
-0.00510043
-0.00648759
-0.00558594
-0.000592152
0.000656294
-0.00204867
0.00176602
0.0131408
0.023059
0.0218105
0.0057888
-0.0148106
-0.0200124
0.00211282
0.0302029
0.0288157
0.00377741
-0.00794411
-0.000800226
-0.000800226
-0.0157816
-0.0218851
-0.00295033
0.0205621
0.0200072
0.000656294
-0.010441
-0.00406006
0.00460971
-0.00211803
-0.0223706
-0.034647
-0.025353
-0.000453436
0.0241687
0.0326998
0.0227815
0.00565008
-0.00558594
-0.00301969
0.00655174
0.0114068
0.00835505
-0.00822155
-0.0316646
-0.0320807
-0.00718117
0.00509521
-0.00343584
-0.000245361
0.0121004
-0.00190996
-0.0309017
-0.0303468
-0.00204867
0.0143198
0.0062743
-0.00516979
-0.00607144
0.00315319
0.0204927
0.0360289
0.0351966
0.020354
0.0121697
0.0191749
0.0234058
0.0111987
-0.0053085
-0.0138396
-0.0186253
-0.0215383
-0.0155042
-0.00218739
0.0041242
0.00190474
0.0108519
0.0347805
0.0422018
0.00974221
-0.0355487
-0.0453975
-0.0148106
0.0136263
0.0087712
-0.0119669
-0.0140476
0.000795011
0.0041242
-0.0069731
-0.013146
-0.0107184
-0.00662631
-0.00218739
0.00190474
0.00398548
0.00592751
0.00953414
0.012031
0.0100196
0.00870184
0.0133488
0.0171635
0.0150828
0.0148747
0.0193136
0.0164006
-0.00142445
-0.0198737
-0.0167526
0.00717596
0.0270124
0.0283302
0.0213944
0.0161925
0.0105051
0.00391613
-0.000730868
-0.00281161
-0.00239546
0.00128052
0.00599687
0.0107132
0.0184813
0.0231283
0.0131408
-0.00322776
-0.00496171
0.00738403
0.0127246
0.00849376
0.00696788
0.00384677
-0.00655695
-0.0144638
-0.0109265
0.00363869
0.0173022
0.0188281
0.0140424
0.0126553
0.0134875
0.011823
0.0114068
0.0193136
0.0257639
0.0182039
0.0114762
0.0191749
0.0221573
0.00856312
-0.00260354
-0.00572465
-0.0144638
-0.0170994
0.00481778
0.0316594
0.033324
0.0151521
0.00287575
0.00655174
0.0161232
0.0211169
0.0189668
0.0142505
0.0186894
0.0381097
0.051912
0.0321449
-0.00849898
-0.0273644
-0.0101636
0.0177878
0.0313126
0.0256946
0.00988093
-0.00489236
-0.00822155
0.00641302
0.0265269
0.028677
0.0139037
0.00689853
0.01106
0.00259832
-0.0241739
-0.0393633
-0.0191801
0.0204234
0.0423405
0.0293012
0.00169667
-0.00676503
0.00953414
0.0223654
0.0104358
-0.0111346
-0.0193882
-0.0139089
-0.00308904
0.00343062
-0.00627952
-0.0164058
-0.0010083
0.0198685
0.0158457
0.00703724
0.0212557
0.0351273
0.0179265
-0.00551658
0.000378862
0.0189668
0.0207702
0.0109907
0.00433228
-0.000245361
-0.00537786
-0.0078054
-0.00766668
-0.00808283
-0.00960871
-0.00842962
0.00426292
0.0273592
0.039913
0.0254865
-0.00246482
-0.0172381
-0.00607144
0.0178571
0.0306884
0.030619
0.0243768
0.00481778
-0.0148799
-0.00551658
0.0218799
0.0314513
0.0212557
0.0127246
0.00884055
0.00343062
0.00225153
0.00565008
-0.00281161
-0.0209141
-0.0158509
0.0151521
0.0287463
0.0107826
-0.00301969
0.0028064
0.00689853
0.00169667
-0.00288097
-0.00690374
-0.00974743
-0.00170188
0.0132795
0.0197298
0.0164699
0.00856312
-0.0039907
-0.00905384
0.0041242
0.0196604
0.0197991
0.00696788
-0.00503107
-0.00634888
-0.00385198
-0.00905384
-0.0185559
-0.0213996
-0.0100942
0.0124472
0.0268043
0.0208395
0.0119617
0.0135569
0.0116842
0.000586936
-0.00253418
0.00592751
0.00828569
-0.00239546
-0.00946999
0.00128052
0.012794
0.000933727
-0.0206367
-0.0211222
-0.00454557
0.00384677
0.00155795
0.00474842
0.0188975
0.0311739
0.0243074
-0.00107766
-0.020706
-0.0140476
0.00904863
0.0234751
0.0186894
0.00884055
0.0143198
0.0306884
0.032353
0.0148054
0.0019741
0.00592751
0.0152909
0.0192443
0.0187588
0.0178571
0.015707
0.00814697
-0.00246482
-0.0118282
-0.0196656
-0.0193188
-0.0018406
0.0201459
0.0226428
0.012031
0.0150134
0.0272205
0.0288851
0.0220186
0.0139731
0.0145279
0.032353
0.0419244
0.0206314
-0.00468428
-0.00870705
-0.0039907
-0.000384078
0.0121697
0.0281221
0.0257639
0.0104358
0.00821633
0.0173716
0.0179958
0.0121697
0.0111987
0.0185507
0.033324
0.0393581
0.0225041
0.00447099
0.00488714
0.0079389
0.00835505
0.0172329
0.0202153
0.00530329
-0.00322776
0.012031
0.0303416
0.0256946
0.000240146
-0.0204286
-0.0166832
0.00169667
0.0114762
0.00939542
0.00343062
-0.00787476
-0.0157816
-0.00371327
0.0133488
0.00918734
-0.00759732
-0.0148799
-0.0103023
-0.00426813
-0.00662631
-0.0150186
-0.0112039
0.0087712
0.0190362
0.00759211
-0.00711182
-0.0139783
-0.0149493
-0.00933128
0.00204346
0.0163312
0.0255559
0.0167474
-0.00253418
-0.0091232
-0.00537786
-0.00496171
0.00745339
0.0341563
0.0331853
-0.00627952
-0.0322195
-0.0166139
0.00911799
0.0159844
0.00932606
0.00356934
0.00440163
0.00780018
0.00717596
0.00696788
0.0127246
0.0132101
0.00571944
0.00890991
0.0182733
0.00599687
-0.0165445
-0.0117588
0.0136956
0.0194523
-0.00170188
-0.017793
-0.00503107
0.0180652
0.0180652
0.00460971
0.012031
0.0347805
0.040884
0.0202153
-0.0120362
-0.0318033
-0.0281273
-0.0158509
-0.00392134
0.0170942
0.0415082
0.0458778
0.0238219
-0.00308904
-0.0107184
-0.00163252
0.00349998
-0.00406006
-0.0144638
-0.0167526
-0.00856834
0.00655174
0.0153602
0.00911799
0.000240146
0.00308383
0.0125165
0.0130714
0.0028064
-0.00301969
0.00121116
0.00662109
0.0087712
0.00731468
-0.00336648
-0.0164752
-0.0086377
0.0178571
0.0285383
0.0154296
0.00773082
0.00842441
-0.004823
-0.0196656
-0.0115507
0.00384677
0.00669045
0.00419356
0.000725653
-0.0118975
-0.026324
-0.0204286
0.00460971
0.0194523
0.0150828
0.0163312
0.0308964
0.0313126
0.0057888
-0.0132847
0.00391613
0.0317981
0.0270817
0.00273704
0.00128052
0.0195911
0.0271511
0.0222267
0.0201459
0.022296
0.022296
0.0231977
0.0326304
0.039913
0.0275672
0.0105051
0.0125859
0.0188281
0.00731468
-0.00967807
-0.0138396
-0.0117588
-0.0113427
-0.00066151
0.0229896
0.037971
0.0353354
0.0313819
0.028677
0.0138343
-0.00239546
-0.000522794
0.00440163
-0.00801347
-0.018001
-0.00641824
0.0087712
0.0113374
0.0041242
-0.0086377
-0.00773604
0.0197991
0.0365144
0.0188281
0.00773082
0.0226428
0.0321449
0.028677
0.0261107
0.022296
0.0214637
0.0281915
0.0204234
-0.00801347
-0.0168913
0.0126553
0.0391501
0.034295
0.0201459
0.00599687
-0.0215383
-0.0404037
-0.0178623
0.0186894
0.0172329
-0.00926192
-0.00773604
0.0156377
0.0136956
-0.00759732
-0.00759732
0.01106
0.0201459
0.0145279
0.00606623
0.00336126
0.00460971
0.0062743
0.0112681
0.0138343
0.00155795
-0.0165445
-0.0164752
0.00239025
0.0169555
0.0200766
0.0239606
0.0255559
0.0180652
0.012031
0.00370805
-0.0173075
-0.0246594
-0.000800226
0.0121697
-0.0143251
-0.0343002
-0.0106491
0.0213944
0.0235445
0.0104358
0.00571944
0.00689853
0.0108519
0.0200766
0.018412
-0.00177124
-0.0119669
0.00232089
0.0164699
0.0134182
0.00675981
0.00752275
0.00266768
-0.0127298
-0.0152961
0.00405484
0.0195217
0.0127246
-0.00336648
-0.0122443
-0.0121056
-0.00544722
0.00322255
0.00842441
0.0173716
0.0329078
0.0348499
0.0188975
0.0119617
0.022088
0.0274979
0.0196604
0.00752275
-0.00489236
-0.0103716
-0.00066151
0.01106
0.00995028
0.00863248
0.0183426
0.0248623
0.0161925
0.00474842
0.00599687
0.0127246
0.00481778
-0.0155735
-0.0208447
-0.0061408
0.00176602
-0.00718117
-0.0149493
-0.00898449
0.000795011
-0.00211803
-0.0137008
-0.0144638
-0.0026729
0.00558072
0.0062743
0.00537265
0.00592751
0.0128633
0.0233364
0.0193136
-0.00385198
-0.0222319
-0.0173075
-0.00274225
0.00266768
0.00100309
0.00176602
0.00523393
0.0111294
0.0219492
0.0301335
0.0253478
0.00682917
-0.0146719
-0.0201511
-0.00433749
0.0114762
0.0117536
0.00939542
0.0140424
0.00766147
-0.0192495
-0.0372132
-0.0186946
0.0188281
0.040884
0.0431035
0.0331853
0.00731468
-0.0175155
-0.0124524
0.00870184
0.0131408
0.00419356
0.00141923
0.00488714
0.00384677
-0.00350519
-0.00794411
-0.00475364
0.000656294
0.00440163
0.00592751
0.00516457
0.00384677
0.00204346
0.00107244
0.00731468
0.0196604
0.0270124
0.0265269
0.0225041
0.0139731
0.00467907
0.00648238
0.0158457
0.015707
0.00689853
0.00662109
0.0150828
0.0165393
0.00821633
-0.000592152
-0.00676503
-0.0100942
-0.00163252
0.0210476
0.035266
0.0223654
-0.000730868
-0.00662631
0.00343062
0.0114762
0.0133488
0.0131408
0.0134182
0.0198685
0.0266656
0.0166087
-0.00322776
-0.00586337
0.00897927
0.0188975
0.0170942
0.00745339
-0.00475364
-0.00121638
0.0273592
0.0510103
0.0386646
0.00773082
-0.00884577
-0.0146719
-0.018001
-0.00503107
0.0123085
0.000586936
-0.0244513
-0.0216077
-0.000869585
0.00606623
0.00516457
0.0167474
0.0320062
0.0265269
0.00308383
-0.0111346
-0.0102329
-0.0078054
-0.00308904
0.0079389
0.014736
0.0128633
0.010089
0.00717596
-0.00135509
-0.0119669
-0.015088
-0.00648759
0.0108519
0.0261801
0.021325
-0.00621016
-0.031734
-0.0301387
-0.00121638
0.0312432
0.0399824
0.0263188
0.0150828
0.0177184
0.0211863
0.0140424
0.00523393
0.00585815
0.00773082
0.00183538
-0.00794411
-0.0184172
-0.0288903
-0.0277112
-0.0061408
0.0195217
0.0255559
0.0129327
0.000309504
-0.00142445
0.00294511
0.00162731
-0.00204867
0.00835505
0.0241687
0.0154296
-0.00752797
-0.00440685
0.0202153
0.0280528
0.0141811
0.00225153
0.00523393
0.023059
0.0435196
0.0441438
0.0197991
-0.00516979
-0.00940063
0.00134988
0.00724532
0.00128052
-0.00808283
-0.0122443
-0.00426813
0.0107132
0.0107826
0.000656294
0.0131408
0.0395662
0.041855
0.0239606
0.0136956
0.0127246
0.0109907
0.00544201
-0.00350519
-0.00842962
-0.000245361
0.0155683
0.0234058
0.0173022
0.00523393
-0.00142445
0.000933727
0.00308383
-0.00288097
-0.00884577
-0.0053085
0.00363869
0.00807761
0.000517578
-0.0118282
-0.00836026
0.00669045
0.0102277
0.00780018
0.0132101
0.0155683
0.0141118
0.0192443
0.0218105
0.0189668
0.0222267
0.0222267
0.00675981
-0.0105797
-0.0157122
-0.0100249
0.00356934
0.0204234
0.0286076
0.020354
0.00516457
-0.00107766
0.00294511
0.00509521
0.00239025
0.00752275
0.0247929
0.0337401
0.0171635
-0.00953935
-0.0241046
-0.0250062
-0.0162671
-3.72869e-05
0.0108519
0.00675981
0.00176602
0.0152215
0.0398436
0.0513571
0.0431728
0.0280528
0.00897927
-0.0157122
-0.0261853
-0.00406006
0.0245848
0.0222267
0.00190474
-0.0018406
0.00904863
0.0190362
0.0318675
0.0422712
0.0305496
0.000933727
-0.0204979
-0.0236884
-0.0180704
-0.0116201
-0.00607144
0.00148859
0.0125859
0.0193136
0.012031
-0.00496171
-0.0128685
-0.000245361
0.0207008
0.0300641
0.0266656
0.0192443
0.00537265
-0.0123137
-0.0109959
0.0155683
0.040884
0.048236
0.0421325
0.0253478
0.00245961
-0.0137008
-0.0190414
-0.0209141
-0.0233416
-0.0200818
-0.00496171
0.0145279
0.0226428
0.0155683
-0.00135509
-0.0161284
-0.00815219
0.0175797
0.0262494
0.00974221
-0.0121056
-0.0307629
-0.0343696
-0.0082909
0.0225735
0.0229896
0.00773082
0.00849376
0.0141811
0.00100309
-0.0161977
-0.012383
0.00315319
0.012031
0.0139731
0.0092567
-0.00066151
-0.00204867
0.00828569
0.00932606
-0.0111346
-0.0353406
-0.0384617
-0.0137702
0.021325
0.0376242
0.0283995
0.0154296
0.00384677
-0.0175849
-0.0340921
-0.024382
-0.00461492
-0.00440685
-0.0150186
-0.00322776
0.0271511
0.0400517
0.0307577
0.0229203
0.0193136
0.00939542
-0.000938943
-0.00142445
0.00363869
0.00426292
-0.00364391
-0.0167526
-0.0238271
-0.0186253
-0.013354
-0.018001
-0.0221625
-0.0142557
0.00315319
0.0123085
-0.00253418
-0.0203592
-0.0100249
0.00509521
-0.0107878
-0.0275725
-0.00766668
0.0212557
0.0244461
0.0132795
0.00474842
-0.00239546
-0.00808283
-0.00884577
-0.00787476
-0.00849898
-0.00745861
-0.000453436
0.0121697
0.0247236
0.0292318
0.022296
0.0134875
0.0152215
0.0227815
0.0225735
0.0161925
0.0092567
0.00239025
0.00967285
0.0322836
0.0387339
0.0175797
-0.00745861
-0.0200818
-0.0182785
-0.00898449
-0.00211803
0.00717596
0.0159844
0.00433228
-0.015088
-0.0105797
0.00204346
-0.00655695
-0.0175849
-0.00919256
-0.00419877
-0.0164752
-0.0172381
0.000933727
0.00585815
-0.00648759
-0.00558594
0.0168167
0.0358209
0.0265269
-0.00218739
-0.0146025
-0.0010083
0.0104358
0.00232089
-0.0123137
-0.0122443
0.00856312
0.0255559
0.0151521
-0.00281161
-0.00468428
-0.0125218
-0.0386698
-0.0417909
-0.0010083
0.0401211
0.0470569
0.0313126
0.00745339
-0.0136315
-0.0171687
-0.0078054
0.00391613
0.0162619
0.0139731
-0.0119669
-0.03
-0.0112039
0.0185507
0.0192443
-0.000176003
-0.00558594
0.00204346
-0.000522794
-0.00946999
-0.00385198
0.0156377
0.0261107
0.00807761
-0.0266708
-0.0395021
-0.0194576
0.00266768
0.0109213
0.0165393
0.0145279
-0.00253418
-0.0143251
-0.0111346
-0.0103716
-0.015088
-0.00877641
0.0106439
0.0259027
0.0256946
0.0199379
0.0243074
0.0330465
0.0245155
0.00245961
-0.00350519
0.01106
0.0200766
0.00911799
-0.00877641
-0.0112039
0.00634366
0.0242381
0.0274285
0.0209089
0.0111987
0.0041242
0.0071066
0.0143892
0.0171635
0.0196604
0.026943
0.0302029
0.0125165
-0.0198044
-0.0287516
0.000378862
0.0310352
0.0297867
0.00918734
-0.00357455
-0.00170188
0.00807761
0.0175797
0.0221573
0.0234058
0.0237526
0.0192443
0.00807761
-0.000245361
-0.00426813
-0.0143944
-0.024382
-0.0189721
-0.00634888
-0.00523915
-0.0143251
-0.0196656
-0.0136315
0.00349998
0.0200766
0.0197298
0.0079389
0.00620494
0.0146666
0.0157764
0.00946478
0.00682917
0.00988093
0.0141811
0.0124472
0.0028064
-0.0106491
-0.0239658
-0.025353
-0.00801347
0.00884055
0.00440163
-0.00745861
-0.00128573
0.0154989
0.0214637
0.0156377
0.00308383
-0.0099555
-0.00960871
0.000240146
-0.000592152
-0.00662631
0.00128052
0.0132101
0.0130714
0.00786954
0.00648238
0.00932606
0.01106
0.00141923
-0.0142557
-0.0147412
0.00266768
0.0220186
0.0320755
0.0328385
0.0291625
0.020354
0.0032919
-0.0112733
-0.00967807
0.00134988
0.00565008
0.00155795
0.000517578
0.00863248
0.0141118
0.00551136
-0.00849898
-0.0140476
-0.0086377
0.0049565
0.0177184
0.0209089
0.0256946
0.0385952
0.0363757
0.0111294
-0.00898449
-0.00718117
0.00904863
0.0250704
0.0207008
0.000101429
-0.00412942
0.00773082
0.000725653
-0.0236884
-0.0304855
-0.0163364
-0.00419877
0.00308383
0.0152215
0.0177184
-0.00163252
-0.0151574
-0.000522794
0.015707
0.0142505
0.0092567
0.000240146
-0.0152267
-0.013146
0.00738403
0.0079389
-0.0209834
-0.0382536
-0.0186253
0.0106439
0.0177878
0.00544201
-0.00406006
-0.00107766
0.00273704
0.00384677
0.0107826
0.0131408
0.00239025
0.00266768
0.0247929
0.0376242
0.0271511
0.0161925
0.0114762
0.0071066
0.0139731
0.0241687
0.0145279
0.000309504
0.00558072
0.015707
0.0150828
0.0138343
0.014736
0.00738403
-0.00489236
-0.00627952
0.00780018
0.023059
0.0256946
0.0227122
0.0241687
0.0231283
0.0125165
-0.00440685
-0.0149493
-0.00634888
0.013002
0.0229896
0.0191056
0.0126553
0.0143198
0.0221573
0.0238219
0.0151521
0.00890991
0.0115455
0.0123778
0.0105745
0.0134875
0.00634366
-0.0175155
-0.024382
0.00183538
0.0262494
0.0231977
0.00870184
0.00356934
0.00682917
0.00662109
-0.00239546
-0.00940063
-0.000592152
0.0146666
0.0193136
0.0201459
0.0231283
0.0159844
-0.000592152
-0.00690374
0.00731468
0.0263188
0.0233364
0.000378862
-0.013354
-0.00537786
0.0134875
0.0253478
0.0233364
0.0217412
0.0264575
0.0242381
0.0136263
-0.00170188
-0.01703
-0.00988614
0.0225041
0.0392888
0.0220186
0.00148859
-0.00627952
-0.0137702
-0.0166832
-0.00690374
0.000725653
0.00134988
0.00481778
0.0062743
0.0041242
0.0123778
0.0264575
0.0248623
0.00897927
-0.00156317
-0.00281161
0.0032919
0.0202846
0.0340176
0.0240993
0.00571944
0.00786954
0.0177878
0.00752275
-0.0102329
-0.012383
-0.00683438
-0.004823
0.00232089
0.0201459
0.0320062
0.0220186
0.00599687
0.00447099
0.00662109
-0.000245361
0.00107244
0.0237526
0.0442132
0.0339482
0.00225153
-0.0169607
-0.00787476
0.0129327
0.022088
0.0204234
0.0209089
0.0218105
0.017649
0.0114762
0.00835505
0.00967285
0.00454035
-0.012383
-0.0260466
-0.0234803
-0.00926192
0.00849376
0.0252784
0.0320062
0.0212557
0.00696788
0.00447099
0.00384677
-0.000800226
0.000864369
0.00245961
-0.00933128
-0.0218157
-0.0145331
0.00239025
0.00322255
-0.00190996
0.0179265
0.0478892
0.0439358
0.0114762
-0.00676503
-0.00454557
-0.0086377
-0.0193188
-0.0193188
-0.0107878
-0.00343584
0.00391613
0.0116842
0.0113374
3.20712e-05
-0.0130073
-0.0174462
-0.00711182
0.00897927
0.0136956
0.0119617
0.0145973
0.0136263
0.0109213
0.017649
0.0186894
0.00565008
-0.00343584
-0.00884577
-0.0191108
-0.0132847
0.0168861
0.0388726
0.0293012
0.00724532
0.00100309
0.00703724
0.00460971
-0.00877641
-0.0225093
-0.0269482
-0.0152961
0.000101429
-0.00378263
-0.0216077
-0.0268789
-0.0138396
0.00287575
0.0148747
0.0238219
0.0304803
0.0374855
0.0451842
0.0376935
0.00828569
-0.0129379
0.000170787
0.029648
0.0436583
0.038942
0.0265962
0.00537265
-0.0148106
-0.0122443
0.00343062
0.00807761
0.00384677
0.00377741
0.00863248
0.0119617
0.00918734
0.00759211
0.0171635
0.0281915
0.0239606
0.00849376
-0.00142445
0.00322255
0.015707
0.0197298
0.0106439
0.00343062
0.00981157
0.0206314
0.0197991
0.0057888
-0.00579401
0.000101429
0.0171635
0.0231977
0.00856312
-0.0115507
-0.0164058
-0.00343584
0.00648238
-0.0031584
-0.0137702
-0.00135509
0.0218105
0.0297867
0.0199379
0.0102971
0.0111294
0.00849376
-0.00378263
-0.00211803
0.0221573
0.0345724
0.00904863
-0.0285435
-0.0385311
-0.0177236
0.0139731
0.0386646
0.0367919
0.00967285
-0.00836026
0.00551136
0.032353
0.0380403
0.0109907
-0.0244513
-0.0327743
-0.00510043
0.0304803
0.0382484
0.0175103
-0.000106645
0.00405484
0.0172329
0.0221573
0.0184813
0.0175103
0.0197298
0.0104358
-0.00579401
-0.00454557
0.0128633
0.0202153
0.0132101
0.00752275
0.0019741
-0.0109959
-0.0153654
0.0011418
0.0177184
0.0170248
0.00669045
-0.00232611
-0.00558594
-0.00433749
-0.00204867
0.000517578
0.000101429
-0.00412942
-0.00627952
-0.00412942
0.00398548
0.0199379
0.0283302
0.0191056
0.014736
0.0270124
0.0336014
0.0309658
0.0348499
0.0311739
0.00918734
-0.00336648
0.00502586
0.00981157
0.00696788
0.0115455
0.0071066
-0.0171687
-0.0220238
0.00911799
0.0288851
0.012031
-0.00461492
0.00675981
0.0215331
0.0141118
0.00356934
0.0123778
0.0214637
0.00738403
-0.0149493
-0.020706
-0.0164058
-0.0180704
-0.0164058
-0.000522794
0.0165393
0.0208395
0.0204927
0.0256946
0.026943
0.0162619
0.0049565
0.00377741
0.0079389
0.00953414
0.0111294
0.0151521
0.0139731
0.00689853
0.000864369
-0.00447621
-0.00905384
-0.0138396
-0.0248675
-0.0318033
-0.0201511
-0.0069731
-0.00849898
-0.00419877
0.015707
0.0278447
0.026735
0.0234058
0.012794
0.000170787
0.00467907
0.0154296
0.00467907
-0.0200818
-0.0244513
-0.0010083
0.0207702
0.0207702
0.0125859
0.0122391
0.013765
0.00953414
0.00322255
-0.000522794
-0.00204867
-0.0101636
-0.0247981
-0.0238965
-0.00475364
0.00107244
-0.0166832
-0.0281967
-0.0105104
0.0219492
0.0390113
0.0294399
0.00662109
-0.00738925
-0.00204867
0.0161925
0.0350579
0.0403291
0.0250704
0.00502586
-0.00329712
-0.00641824
-0.0113427
-0.010441
0.000795011
0.0168167
0.02403
0.0105051
-0.0108572
-0.0142557
0.00169667
0.0125859
0.000586936
-0.0220238
-0.0340921
-0.0358261
-0.0338841
-0.0255611
-0.0110652
0.00440163
0.0144586
0.0172329
0.0202153
0.0228509
0.017441
0.00960349
0.00904863
0.0160538
0.0229203
0.0218799
0.0161925
0.0133488
0.0131408
0.00856312
3.20712e-05
-0.000938943
0.00620494
0.00606623
3.20712e-05
0.0049565
0.0167474
0.0164699
0.00932606
0.00849376
0.00752275
0.00225153
0.000309504
0.000586936
-0.00406006
-0.0147412
-0.0241739
-0.0181398
0.00689853
0.0320755
0.0410227
0.0349192
0.0216718
0.0173022
0.0248623
0.0132101
-0.0261853
-0.0490735
-0.0259079
0.0131408
0.0246542
0.0102971
0.000378862
-0.00426813
-0.0202899
-0.0308323
-0.0134234
0.0116149
0.0170248
0.0115455
0.0121697
0.0161232
0.0145279
0.00370805
-0.0105104
-0.0127992
-0.00246482
0.0102971
0.0281221
0.0388726
0.0155683
-0.0189027
-0.0163364
0.013002
0.0274285
0.0234751
0.0194523
0.0202846
0.0204234
0.0111294
-0.000453436
0.00655174
0.0250704
0.0259027
0.0079389
-0.00461492
0.00204346
0.0213944
0.0328385
0.02403
0.0132101
0.0191056
0.0261801
0.0130714
-0.00891513
-0.0118282
0.00939542
0.0313126
0.0322836
0.0141811
-0.00239546
-0.00704246
-0.0101636
-0.011412
0.0028064
0.0261801
0.0340869
0.0167474
-0.00745861
-0.0161977
-0.0078054
0.0102277
0.0305496
0.0397049
0.0326304
0.0231977
0.0225041
0.0229203
0.0119617
-0.00419877
-0.00475364
0.0154989
0.0346418
0.0351966
0.0260414
0.0206314
0.0161232
0.00828569
0.00537265
0.012794
0.0206314
0.0151521
-0.000869585
-0.012175
-0.0129379
-0.0078054
0.000864369
0.0115455
0.0191749
0.0202153
0.0182039
0.0179958
0.0145973
0.00447099
0.00148859
0.0125165
0.019383
0.00960349
-0.00329712
0.00322255
0.027914
0.0390807
0.0222267
0.0079389
0.020354
0.0374161
0.0341563
0.0209782
0.0141118
0.0145279
0.0181345
0.0206314
0.017441
0.00669045
-0.00322776
-0.0010083
0.0079389
0.0132795
0.0178571
0.0202153
0.0144586
0.0103664
0.0162619
0.0216718
0.0177184
0.00807761
-0.00336648
-0.0125911
-0.00752797
0.0200072
0.0461552
0.0374855
0.0049565
-0.0107184
0.00308383
0.0192443
0.0138343
0.00155795
0.00502586
0.0126553
0.0057888
-0.00704246
-0.0120362
-0.0086377
-0.0031584
0.000240146
0.00599687
0.0131408
0.00731468
-0.00468428
0.00211282
0.0198685
0.0225735
0.0116842
0.00183538
-0.00197931
-0.00378263
-0.0107184
-0.016822
-0.0182091
-0.0277112
-0.0379762
-0.0277805
-0.00648759
0.00363869
0.000933727
-0.00301969
-0.000314719
0.0062743
0.0116149
0.0140424
0.0129327
0.0185507
0.0401211
0.0569751
0.0467101
0.0254171
0.0164699
0.017441
0.0182733
0.00828569
-0.00974743
-0.0114814
0.00488714
0.0125165
0.000101429
-0.0179317
-0.0186946
0.00474842
0.0287463
0.0292318
0.0143892
0.00863248
0.0190362
0.0277753
0.0252784
0.0236138
0.0186894
-0.00295033
-0.0193188
-0.00523915
0.0201459
0.0293706
0.0238913
0.0119617
0.00183538
0.00703724
0.0195911
0.0194523
0.0119617
0.00856312
0.00592751
0.00703724
0.0177878
0.0270124
0.0224347
0.0145279
0.0154989
0.0165393
0.0087712
0.000309504
-0.00135509
0.00440163
0.0116149
0.00939542
0.00169667
0.00176602
0.0032919
0.000240146
0.00669045
0.0233364
0.0271511
0.0114068
-0.0069731
-0.0129379
-0.000592152
0.0207702
0.0198685
-0.0146719
-0.0440797
-0.0341615
0.000725653
0.0261107
0.0251397
0.0138343
0.0157764
0.0202153
0.00703724
-0.00919256
-0.00815219
0.00655174
0.0224347
0.0243768
0.00717596
-0.0091232
-0.00794411
0.00530329
0.0189668
0.0186894
0.00169667
-0.00607144
0.00988093
0.0271511
0.0283302
0.0196604
0.00703724
-0.000522794
0.00766147
0.0164006
0.000864369
-0.0254224
-0.0217464
0.0132101
0.0342256
0.0229203
0.00766147
0.0057888
0.00773082
0.00918734
0.00849376
-0.0031584
-0.0196656
-0.0203592
-0.000869585
0.0194523
0.022088
0.0117536
0.0071066
0.0106439
0.00786954
-0.00253418
-0.00503107
0.0057888
0.0189668
0.0254865
0.0255559
0.0200072
0.00689853
-0.00683438
-0.00392134
0.0129327
0.0159844
-0.00232611
-0.0152267
-0.00544722
0.0101584
0.00807761
-0.000730868
0.0130714
0.0394968
0.0376242
0.00807761
-0.00135509
0.0216025
0.0354741
0.0237526
0.0113374
0.00807761
0.00842441
0.0146666
0.0193136
0.00703724
-0.010441
-0.00801347
0.0142505
0.0361677
0.0401211
0.0243074
0.0109907
0.015707
0.0186201
0.00377741
-0.00690374
0.00141923
0.00884055
0.00391613
0.00363869
0.012794
0.0117536
-0.00489236
-0.01703
-0.0143944
-0.00946999
-0.00572465
0.00343062
0.00981157
0.00447099
-0.00301969
-0.00503107
-0.0134234
-0.0313178
-0.0313178
-0.00593273
0.0101584
0.00273704
-0.0100942
-0.0147412
-0.00537786
0.0127246
0.0208395
0.0092567
-0.0116895
-0.0242433
-0.0196656
-0.00725053
-0.00260354
-0.010441
-0.0189721
-0.0125911
0.00454035
0.0109213
0.00204346
-0.00378263
0.00239025
0.0057888
-0.00579401
-0.0148106
-0.000869585
0.0246542
0.0351273
0.0202153
-0.00336648
-0.00960871
0.00377741
0.0156377
0.0154989
0.00738403
-0.00836026
-0.0236884
-0.0246594
-0.0163364
-0.0053085
0.017649
0.0447681
0.0512184
0.0360983
0.0173716
0.00613559
0.00842441
0.0188975
0.0188281
0.0087712
0.0105745
0.0226428
0.0193136
-0.0018406
-0.0105797
0.0057888
0.0168861
0.00384677
-0.00357455
0.0186894
0.0424099
0.0350579
0.0121697
0.010089
0.0288157
0.0342256
0.0197298
0.0152215
0.0291625
0.0383871
0.0300641
0.0112681
-0.00343584
-0.00440685
-0.000938943
-0.00301969
-0.0039907
0.00128052
0.0128633
0.0274979
0.029648
0.0173022
0.014736
0.0266656
0.026943
0.00953414
0.00044822
0.00675981
0.00703724
0.00245961
0.0114762
0.0201459
0.00780018
-0.00940063
-0.00676503
0.012031
0.0234058
0.017441
0.0114762
0.0202846
0.0317287
0.0279834
0.00904863
-0.0056553
-0.00156317
0.00773082
0.0032919
-0.00905384
-0.0123137
-0.00600209
-0.00711182
-0.0213996
-0.0301387
-0.0199431
0.0011418
0.0189668
0.0188281
-0.000800226
-0.0132153
0.00356934
0.0329772
0.0413002
0.0200766
-0.00496171
-0.0103023
-0.0018406
0.000517578
-0.00787476
-0.00926192
0.00960349
0.0364451
0.0490683
0.0382484
0.0114068
-0.00933128
-0.00558594
0.00655174
-0.000869585
-0.0184172
-0.0231335
-0.0182091
-0.013354
-0.00974743
-0.0147412
-0.0263934
-0.0221625
-0.000730868
0.00509521
-0.0147412
-0.0259772
-0.00731989
0.0143198
0.00807761
-0.0091232
-0.00454557
0.0128633
0.0141118
-0.00170188
-0.0181398
-0.0218157
-0.00288097
0.025972
0.0318675
0.0109213
-0.00128573
0.012031
0.0253478
0.0212557
0.0172329
0.0263188
0.03159
0.0183426
-0.00322776
-0.0167526
-0.0151574
-0.00364391
0.00682917
0.0144586
0.0187588
0.012794
0.00558072
0.0129327
0.0186201
-0.00308904
-0.0352019
-0.0398489
-0.0103023
0.0294399
0.0497619
0.0337401
0.000517578
-0.00794411
0.0115455
0.0243768
0.0265962
0.0324917
0.0238219
-0.00655695
-0.0214689
-0.0010083
0.0308964
0.0446987
0.0265962
-0.0141863
-0.0467153
-0.0467847
-0.0200818
0.00731468
0.0119617
-0.00607144
-0.0213996
-0.0209141
-0.0184172
-0.0148799
-0.00128573
0.00828569
0.00155795
-0.00225675
0.0124472
0.025001
0.0143198
-0.00190996
0.00315319
0.0231977
0.0326998
0.0225041
0.00363869
-0.0127298
-0.0200818
-0.0110652
0.00863248
0.0209782
0.0177184
0.00377741
-0.00752797
-0.00288097
0.0102277
0.0140424
0.00911799
0.00717596
0.00426292
-0.0105797
-0.0229948
-0.00919256
0.0167474
0.0219492
0.0104358
0.00856312
0.0138343
0.0105051
0.00509521
0.00675981
0.0113374
0.0148747
0.0118923
0.000795011
-0.00974743
-0.0145331
-0.00627952
0.0198685
0.0371387
0.0248623
0.0041242
-0.0112039
-0.0291677
-0.0372826
-0.0206367
0.00204346
0.013002
0.0184813
0.0123778
-0.0130073
-0.030971
-0.0235497
-0.00808283
0.00884055
0.0293706
0.0358902
0.0226428
0.00981157
0.00870184
0.0113374
0.0087712
0.0062743
0.0158457
0.0283995
0.0275672
0.0191056
0.013002
0.00440163
-0.00856834
-0.018764
-0.0227868
-0.0171687
0.00530329
0.0329772
0.0401211
0.0272205
0.0197991
0.0263188
0.0327691
0.027914
0.0154989
0.00675981
0.00696788
0.00988093
0.00613559
0.000240146
0.00481778
0.0106439
0.00273704
0.00134988
0.0275672
0.0478892
0.0257639
-0.00406006
0.00606623
0.0340869
0.039913
0.0250704
0.00849376
0.00252896
0.00336126
-0.000800226
-0.00177124
0.0130714
0.0270124
0.0177878
-0.00288097
-0.0112039
-0.00572465
0.00384677
0.0132795
0.0161925
0.00967285
0.00426292
0.00620494
0.0092567
0.0119617
0.0177878
0.018412
0.00863248
0.00606623
0.0213944
0.0361677
0.0361677
0.0254865
0.00842441
-0.00406006
0.00211282
0.0182733
0.0246542
0.0178571
0.00641302
3.20712e-05
0.00738403
0.0218105
0.0256946
0.0166087
0.00454035
-0.00572465
-0.0113427
-0.010441
3.20712e-05
0.017649
0.0170248
-0.0108572
-0.0248675
-0.00225675
0.0206314
0.0171635
0.00780018
0.01106
0.0177184
0.017441
0.00696788
-0.0124524
-0.0217464
-3.72869e-05
0.0363757
0.0460165
0.0231977
0.00884055
0.0195911
0.0170942
-0.0173075
-0.0374907
-0.00301969
0.0410921
0.0125165
-0.0701584
-0.077441
0.0382484
0.122865
0.0152215
-0.170797
-0.131055
0.168364
0.312213
-0.00489236
-0.395309
-0.234745
0.327125
0.441705
-0.147562
-0.576334
-0.148186
0.491018
0.303613
-0.478054
-0.639727
0.140552
0.700341
0.12564
-0.765057
-0.580218
0.49837
0.883377
-0.0445652
-0.930199
-0.429711
0.773653
0.930541
-0.216643
-1.00476
-0.267482
0.917432
0.78475
-0.50108
-1.05144
-0.053443
1.00947
0.562804
-0.741545
-1.00011
0.161637
1.05525
0.388576
-0.852102
-0.84364
0.398009
1.04311
0.159001
-0.91501
-0.581605
0.634936
0.904185
-0.145204
-0.903219
-0.262488
0.748545
0.601298
-0.42437
-0.728506
0.125432
0.771711
0.193541
-0.706866
-0.516409
0.469101
0.692088
-0.210262
-0.814718
-0.110802
0.886984
0.626336
-0.570439
-0.916397
0.152343
1.08216
0.4854
-0.772618
-0.836011
0.394957
1.1124
0.240497
-0.970427
-0.742585
0.605667
1.09547
-0.00669567
-1.09583
-0.577097
0.794321
1.0155
-0.239392
-1.14119
-0.366942
0.956966
0.887677
-0.462587
-1.09187
-0.099913
0.996639
0.568561
-0.707629
-0.916189
0.221701
0.986652
0.269558
-0.804938
-0.625093
0.475898
0.787594
-0.135563
-0.82318
-0.203603
0.729194
0.49518
-0.553862
-0.780178
0.211158
0.928946
0.268379
-0.763254
-0.564751
0.612395
0.996708
-0.0485186
-1.01717
-0.475279
0.805488
0.960781
-0.251252
-1.07183
-0.288706
0.967301
0.848005
-0.487764
-1.07946
-0.0590611
1.05573
0.597275
-0.787599
-1.07578
0.160319
1.11913
0.414447
-0.892954
-0.870482
0.434977
1.09097
0.160596
-0.943585
-0.605742
0.62155
0.901827
-0.140557
-0.897393
-0.234676
0.805072
0.628347
-0.471187
-0.80258
0.0935962
0.790923
0.228012
-0.685642
-0.507115
0.491643
0.736893
-0.187651
-0.862367
-0.195003
0.845092
0.643953
-0.533817
-0.886226
0.174329
1.09866
0.501353
-0.76374
-0.841976
0.389617
1.11795
0.239387
-0.982773
-0.737869
0.642566
1.12682
-0.0273644
-1.15013
-0.601858
0.81929
1.0454
-0.248686
-1.17635
-0.383657
0.962931
0.871031
-0.520709
-1.14063
-0.0890238
1.04186
0.587842
-0.734609
-0.96474
0.185288
0.973335
0.265396
-0.8048
-0.60706
0.510022
0.812285
-0.137505
-0.845444
-0.227393
0.72642
0.530067
-0.497266
-0.747441
0.197425
0.87984
0.189935
-0.854183
-0.617949
0.6237
1.03645
-0.0272257
-1.01454
-0.45898
0.842525
0.981103
-0.265402
-1.07793
-0.256108
1.00122
0.83226
-0.550671
-1.14091
-0.0787588
1.07848
0.640346
-0.746261
-1.05324
0.167116
1.13612
0.441843
-0.894896
-0.912235
0.399882
1.09534
0.170514
-0.96578
-0.627174
0.639653
0.91986
-0.173571
-0.959191
-0.278233
0.790715
0.638959
-0.444068
-0.782258
0.0981738
0.800078
0.250484
-0.666361
-0.495254
0.506069
0.745216
-0.19535
-0.861812
-0.166566
0.871725
0.636116
-0.567595
-0.925552
0.135003
1.06017
0.464246
-0.802025
-0.872909
0.38601
1.13522
0.244381
-0.998933
-0.757012
0.620926
1.09249
-0.0604482
-1.16144
-0.595754
0.822689
1.03416
-0.266997
-1.18287
-0.376305
0.966191
0.868049
-0.511692
-1.11788
-0.0675227
1.06059
0.610592
-0.709571
-0.943932
0.196385
0.973127
0.256102
-0.826023
-0.640282
0.485331
0.817695
-0.108028
-0.817908
-0.222122
0.711855
0.51786
-0.489636
-0.730448
0.201517
0.884279
0.231272
-0.79391
-0.603522
0.583958
1.00205
-0.0221625
-0.994147
-0.455165
0.821232
0.94795
-0.288082
-1.08806
-0.275805
0.97056
0.817626
-0.546787
-1.1373
-0.0706439
1.09291
0.637364
-0.766514
-1.06441
0.160249
1.10796
0.402032
-0.917576
-0.9225
0.375121
1.04477
0.115097
-0.987766
-0.615036
0.642358
0.898636
-0.189801
-0.96474
-0.29911
0.75451
0.617389
-0.441155
-0.769011
0.114126
0.813534
0.258877
-0.656373
-0.501843
0.448224
0.659905
-0.24071
-0.85661
-0.152833
0.880048
0.644369
-0.576473
-0.959746
0.106913
1.07009
0.504682
-0.760133
-0.849744
0.389201
1.13744
0.260056
-0.985339
-0.762144
0.615308
1.10858
-0.0398489
-1.16761
-0.622527
0.810829
1.04734
-0.258882
-1.20222
-0.407724
0.94469
0.858547
-0.517449
-1.13023
-0.0936708
1.0266
0.585068
-0.70971
-0.913206
0.236613
0.990397
0.25097
-0.821099
-0.612123
0.518345
0.834133
-0.123703
-0.859801
-0.24931
0.723576
0.534575
-0.502953
-0.757706
0.189727
0.886221
0.224683
-0.818394
-0.630572
0.572514
1.01495
0.0132795
-0.95822
-0.439698
0.832954
0.979369
-0.262974
-1.10568
-0.310068
0.970006
0.849045
-0.514813
-1.1226
-0.0807008
1.0712
0.620995
-0.797032
-1.1235
0.110034
1.09929
0.412436
-0.91605
-0.919379
0.386496
1.05025
0.125501
-0.948857
-0.558301
0.688689
0.919513
-0.199997
-0.994633
-0.312496
0.779826
0.657686
-0.421111
-0.778097
0.0888105
0.790645
0.239595
-0.684533
-0.520015
0.476522
0.71886
-0.205545
-0.859731
-0.170381
0.857715
0.625365
-0.561214
-0.895867
0.183415
1.10137
0.468477
-0.815966
-0.858414
0.422909
1.15103
0.228082
-1.03472
-0.802719
0.591796
1.1099
-0.0159897
-1.14722
-0.63508
0.766023
1.00579
-0.262766
-1.17739
-0.394061
0.935743
0.856119
-0.500803
-1.11892
-0.100676
1.01571
0.576745
-0.731835
-0.960509
0.190073
0.984224
0.27039
-0.827133
-0.648397
0.481516
0.80743
-0.132581
-0.842531
-0.229751
0.711855
0.492752
-0.54332
-0.765335
0.216013
0.910149
0.222256
-0.820336
-0.603522
0.608511
1.03069
0.0166087
-0.945805
-0.421943
0.833856
0.962029
-0.262627
-1.05816
-0.243692
0.995945
0.824631
-0.532361
-1.09271
-0.0370745
1.08056
0.610176
-0.779207
-1.07342
0.149083
1.1065
0.411811
-0.906409
-0.915565
0.378589
1.05774
0.141939
-0.973063
-0.615868
0.662749
0.941638
-0.161572
-0.957734
-0.285238
0.788149
0.646658
-0.440392
-0.783437
0.0985206
0.77719
0.195483
-0.702705
-0.489081
0.495873
0.682794
-0.259922
-0.883521
-0.156162
0.894891
0.659628
-0.554556
-0.908976
0.17752
1.10962
0.481447
-0.813192
-0.882411
0.382126
1.12627
0.235364
-1.00226
-0.761173
0.62481
1.12884
-0.00627952
-1.14056
-0.621486
0.787178
1.0189
-0.267829
-1.19203
-0.401968
0.942609
0.870407
-0.490122
-1.10581
-0.0749441
1.04027
0.578618
-0.746053
-0.970566
0.183415
0.970491
0.263107
-0.809724
-0.623498
0.490602
0.815545
-0.109554
-0.826578
-0.236687
0.707971
0.516403
-0.508779
-0.753683
0.193957
0.87984
0.219273
-0.791968
-0.57897
0.597067
0.990397
-0.0154348
-0.937829
-0.377068
0.874361
0.959879
-0.295503
-1.08175
-0.247646
0.996223
0.824353
-0.540476
-1.1176
-0.0580207
1.07924
0.60317
-0.801054
-1.0712
0.194998
1.15568
0.419025
-0.92902
-0.918824
0.411118
1.09235
0.152967
-0.972646
-0.62218
0.633064
0.908624
-0.156301
-0.927356
-0.278857
0.762209
0.622937
-0.436092
-0.758885
0.115791
0.770185
0.170584
-0.73454
-0.512039
0.512866
0.747505
-0.182727
-0.833514
-0.148533
0.883447
0.668714
-0.528824
-0.90849
0.147279
1.09152
0.498232
-0.783299
-0.864448
0.378936
1.11059
0.227665
-0.997546
-0.754515
0.631677
1.13459
-0.0111346
-1.15735
-0.633624
0.796818
1.0361
-0.273933
-1.2145
-0.40176
0.974444
0.899815
-0.490191
-1.1244
-0.0837526
1.05136
0.596581
-0.732043
-0.955515
0.206927
1.00156
0.290573
-0.798627
-0.624122
0.491712
0.815684
-0.119957
-0.849397
-0.267898
0.681614
0.509259
-0.49678
-0.734471
0.209632
0.888163
0.216776
-0.809793
-0.600679
0.59353
1.00205
-0.0179317
-0.972924
-0.430196
0.841693
0.966121
-0.282047
-1.0925
-0.264985
0.996708
0.828029
-0.558023
-1.15423
-0.0956128
1.05816
0.607401
-0.79072
-1.08827
0.15373
1.13223
0.440595
-0.881302
-0.885047
0.411534
1.07175
0.133477
-0.984715
-0.634317
0.620857
0.896208
-0.178634
-0.948648
-0.272684
0.793836
0.656437
-0.415146
-0.753128
0.117039
0.785513
0.200963
-0.709085
-0.5076
0.495735
0.713727
-0.233427
-0.893301
-0.191674
0.864234
0.648114
-0.563087
-0.936927
0.144366
1.11073
0.522229
-0.767554
-0.852865
0.403558
1.15054
0.261374
-0.985894
-0.761867
0.607817
1.0911
-0.0585062
-1.1715
-0.613579
0.797026
1.00136
-0.282047
-1.16914
-0.365555
0.950724
0.853345
-0.495809
-1.08938
-0.057882
1.05143
0.59894
-0.718934
-0.949966
0.207413
1.00635
0.285649
-0.81777
-0.633346
0.504612
0.829417
-0.127448
-0.861604
-0.249102
0.719761
0.508982
-0.560382
-0.819018
0.164688
0.901272
0.250415
-0.805701
-0.630364
0.568075
0.997888
-0.0225787
-0.991651
-0.457593
0.810829
0.951903
-0.261032
-1.06371
-0.258812
1.00212
0.855773
-0.525841
-1.13397
-0.0845155
1.05677
0.598038
-0.783923
-1.07224
0.136737
1.08112
0.396899
-0.903219
-0.895728
0.409522
1.07342
0.141453
-0.947123
-0.562324
0.692712
0.930541
-0.188622
-0.976253
-0.288983
0.776982
0.606846
-0.482909
-0.790096
0.124183
0.814227
0.229122
-0.695006
-0.504687
0.507317
0.73939
-0.207279
-0.868748
-0.16615
0.870823
0.625642
-0.576958
-0.908629
0.181404
1.10192
0.470488
-0.815273
-0.873117
0.39246
1.12766
0.225723
-1.02633
-0.788292
0.612464
1.10844
-0.0578126
-1.18592
-0.621209
0.813117
1.03576
-0.262697
-1.18842
-0.402661
0.927975
0.842248
-0.515784
-1.11573
-0.0697422
1.0617
0.618429
-0.700971
-0.934569
0.207344
0.976941
0.247571
-0.825746
-0.60595
0.529789
0.8161
-0.167329
-0.875198
-0.217128
0.756383
0.528056
-0.535621
-0.784686
0.185426
0.897457
0.229469
-0.817076
-0.604701
0.612048
1.01342
-0.0397795
-1.00656
-0.451143
0.82581
0.95329
-0.270465
-1.06094
-0.248547
0.998581
0.856882
-0.493382
-1.09562
-0.0678695
1.07231
0.616071
-0.804592
-1.12461
0.119397
1.11122
0.425822
-0.885533
-0.871314
0.42929
1.07772
0.123559
-1.0196
-0.69237
0.584582
0.939002
-0.0801459
-0.932696
-0.442542
0.572861
0.657686
-0.187582
-0.683076
-0.215256
0.437127
0.42492
-0.0535818
-0.294046
-0.128003
0.0664772
0.0771583
0.0360289
0.0283995
-0.0218157
-0.0934627
-0.0422764
0.106427
0.149499
0.0272898
-0.0949886
-0.0780652
0.0307577
0.110936
0.104485
0.0207008
-0.0771635
-0.0996356
-0.0222319
0.0626625
0.0499006
-0.0322195
-0.0596853
0.00967285
0.0675869
0.0138343
-0.0673147
-0.0345776
0.0612059
0.0467101
-0.0789668
-0.120651
-0.000245361
0.112323
0.06509
-0.0538592
-0.0749441
-0.000106645
0.0503167
0.0249316
-0.0359648
-0.0629451
-0.0248675
0.0270817
0.0200072
-0.0279886
-0.0309017
0.0132101
0.0195911
-0.0279193
-0.0512236
-0.00516979
0.0527443
0.0451149
-0.0156429
-0.0458137
-0.00981678
0.0345031
0.0361677
0.013002
-0.0053085
-0.0146719
-0.0172381
-0.00898449
0.000586936
0.000656294
0.0121697
0.038942
0.0411614
0.00669045
-0.0204979
-0.00669567
0.0211863
0.0168167
-0.0206367
-0.0395714
-0.00190996
0.0485134
0.0473343
0.00682917
-0.0182785
-0.00752797
0.0112681
0.00745339
-0.010441
-0.0140476
0.00911799
0.0454616
0.0654368
0.0453923
0.00287575
-0.0134234
0.0011418
0.00301447
-0.0181398
-0.0249369
0.00544201
0.0390807
0.0282608
-0.0213996
-0.0528188
-0.0245207
0.0290238
0.0433115
0.0123778
-0.0164752
-0.00891513
0.0200766
0.0303416
0.00384677
-0.0252143
-0.00322776
0.0494151
0.0501086
-0.0161284
-0.0639161
-0.0278499
0.04456
0.0656449
0.0188281
-0.0339534
-0.0222319
0.0397743
0.063356
0.00932606
-0.055177
-0.0481025
0.0125165
0.042618
0.0179958
-0.00974743
-0.00440685
0.012031
0.0204927
0.0247236
0.0186894
0.0142505
0.0343643
0.05212
0.0263188
-0.0135621
-0.00759732
0.0297174
0.0366532
0.00259832
-0.0260466
-0.00572465
0.0417857
0.0478198
-0.00426813
-0.0514317
-0.0404037
-0.000245361
0.0121004
-0.010441
-0.0284741
-0.00593273
0.043589
0.0664078
0.026943
-0.036589
-0.0409586
0.0109213
0.0237526
-0.0284741
-0.0612112
-0.0173768
0.0469182
0.0478892
-0.0137702
-0.0519172
-0.0069731
0.0598881
0.0602349
0.0121004
-0.0108572
0.0100196
0.0342256
0.0294399
-0.000106645
-0.0243126
-0.0151574
0.00981157
0.013765
-0.0086377
-0.0337453
-0.0241739
0.0209782
0.0447681
0.0167474
-0.0135621
0.00932606
0.0591946
0.0695289
0.027706
-0.0195963
-0.0267402
-0.00170188
0.0121004
-0.00551658
-0.03
-0.0262547
0.0041242
0.0256946
0.0116149
-0.0211222
-0.0234803
0.011823
0.029648
-0.00440685
-0.0471315
-0.0343002
0.0200072
0.0390113
-0.0053085
-0.0511542
-0.0338147
0.0175103
0.0336708
0.0104358
-0.0101636
-0.00836026
0.00419356
0.012794
0.00995028
0.00405484
0.0198685
0.0464327
0.0361677
-0.0106491
-0.031734
0.00322255
0.047473
0.0520507
0.0171635
-0.0250756
-0.0322195
-0.000384078
0.0211169
0.000378862
-0.0276418
-0.0157816
0.0172329
0.0254171
0.00745339
-0.0119669
-0.014117
0.000795011
0.0129327
0.00613559
-0.0102329
-0.00905384
0.0148054
0.0324917
0.0115455
-0.0340228
-0.0438716
-0.00163252
0.0356128
0.0265962
0.000864369
0.00655174
0.0350579
0.0456004
0.0274285
0.00551136
0.0116149
0.0379016
0.04456
0.020354
-0.00489236
0.00121116
0.0283995
0.0290238
-0.0134928
-0.0447039
-0.0103716
0.0476117
0.0512184
0.00225153
-0.0300694
-0.000592152
0.0550331
0.066061
0.0142505
-0.0435248
-0.036589
0.0183426
0.0359596
0.000240146
-0.0233416
-0.00558594
0.017441
0.0235445
0.0134875
-0.00891513
-0.0099555
0.0278447
0.0540621
0.0205621
-0.0345083
-0.0340228
0.0175103
0.0478198
0.0316594
0.00488714
0.00343062
0.0196604
0.019383
-0.00544722
-0.0225093
-0.000869585
0.0334627
0.0321449
0.00128052
-0.014117
0.00433228
0.0274979
0.0223654
-0.00711182
-0.0302081
-0.0152267
0.0348499
0.068003
0.0394275
-0.0225093
-0.0461604
-0.0120362
0.0300641
0.0279834
-0.00579401
-0.00801347
0.0324223
0.0525362
0.0186201
-0.0239658
-0.0217464
0.00890991
0.0179958
-0.000869585
-0.0100249
0.0144586
0.0462939
0.0462246
0.0121697
-0.0180704
-0.00801347
0.0190362
0.0140424
-0.0165445
-0.0264627
0.00384677
0.0385258
0.0305496
-0.0148106
-0.0410973
-0.00849898
0.0467795
0.0535072
0.0019741
-0.0388778
-0.00766668
0.0559347
0.0634254
0.00800826
-0.0377681
-0.0263934
0.0134182
0.0285383
0.00759211
-0.0130766
0.00745339
0.0546169
0.0691128
0.03159
-0.0111346
-0.0135621
0.00814697
0.012031
-0.0127298
-0.0302774
0.000933727
0.045531
0.0330465
-0.0213302
-0.0438716
-0.014117
0.0217412
0.0243074
-0.00343584
-0.0298613
-0.0135621
0.0369306
0.0517732
0.000795011
-0.0498364
-0.0293758
0.0299948
0.0458778
0.00537265
-0.0320114
-0.0214689
0.0150134
0.0308271
0.0121004
-0.0228561
-0.0393633
-0.0200818
0.00218217
-0.0139783
-0.0421377
-0.0177236
0.048444
0.0752163
0.0291625
-0.0255611
-0.013146
0.0357515
0.0365838
-0.00953935
-0.0366584
-0.0169607
0.0218799
0.0433809
0.0350579
0.0166087
0.0167474
0.0327691
0.039913
0.0234751
-0.0056553
-0.0101636
0.0210476
0.0451842
0.0266656
-0.00988614
-0.00787476
0.032353
0.0440745
-0.00607144
-0.057882
-0.0320114
0.0453229
0.0678643
0.00398548
-0.0622515
-0.0490735
0.0131408
0.0344337
-0.00378263
-0.0395714
-0.0242433
0.0208395
0.0408147
0.0116842
-0.032913
-0.0384617
-0.00842962
0.00662109
-0.00794411
-0.0171687
0.0105745
0.051912
0.0537153
0.0062743
-0.0442878
-0.043941
0.00259832
0.0298561
0.00273704
-0.0307629
-0.0152961
0.0253478
0.0303416
-0.00877641
-0.0401263
-0.0208447
0.0214637
0.0320062
0.000517578
-0.036589
-0.0343696
0.00807761
0.0413002
0.0248623
-0.0168913
-0.0204979
0.0181345
0.0340176
-0.00419877
-0.0451894
-0.027295
0.0263882
0.0396356
-0.00239546
-0.032705
-0.00329712
0.0406066
0.0360983
-0.0082909
-0.0401263
-0.0186946
0.045531
0.0840941
0.0444906
-0.0222319
-0.0229948
0.0302029
0.0449761
-0.00510043
-0.0496977
-0.0227174
0.0467795
0.0741759
0.0355434
-0.0100942
-0.00898449
0.0175103
0.0163312
-0.0208447
-0.0472008
-0.0186946
0.034295
0.0440745
0.00523393
-0.0234803
-0.00496171
0.027706
0.023267
-0.0162671
-0.036589
-0.00149381
0.0466407
0.0453229
0.00454035
-0.0179317
0.00849376
0.05212
0.0524668
-0.00246482
-0.0558706
-0.0503913
0.000378862
0.0346418
0.0228509
0.00634366
0.0315207
0.0672401
0.0540621
-0.00572465
-0.0513623
-0.0273644
0.0395662
0.0643964
0.0212557
-0.0277805
-0.0242433
0.0119617
0.0202846
-0.0161284
-0.0492122
-0.024382
0.0373467
0.0623157
0.0277753
-0.0148799
-0.013146
0.0190362
0.028677
0.00204346
-0.0184172
0.00884055
0.053854
0.0525362
0.00308383
-0.0353406
-0.0225093
0.0144586
0.0236138
-0.0069731
-0.0354793
-0.0129379
0.0367919
0.0395662
-0.0135621
-0.0536511
-0.0322888
0.0166087
0.0312432
0.00981157
3.20712e-05
0.0265269
0.0578768
0.0503861
0.000378862
-0.0501832
-0.0515704
-0.0103716
0.0199379
0.0107826
-0.0149493
-0.0191108
0.00148859
0.0170248
0.00481778
-0.0193882
-0.0156429
0.0132101
0.0214637
-0.00281161
-0.0180704
0.00759211
0.0424792
0.035266
-0.0116895
-0.043941
-0.0209834
0.0234058
0.0281221
-0.00406006
-0.026324
-0.0161284
0.0154296
0.038942
0.0202846
-0.0254224
-0.0324969
0.00620494
0.0271511
0.00245961
-0.0287516
-0.0156429
0.0365144
0.0644658
0.026735
-0.0365197
-0.0512929
-0.0123137
0.0169555
0.00315319
-0.0180704
-0.00274225
0.0336014
0.0448374
0.0187588
-0.0185559
-0.0285435
-0.00392134
0.0164006
0.00530329
-0.0125911
0.000240146
0.0336708
0.0449761
0.0161925
-0.0202899
-0.0145331
0.0262494
0.0419244
0.00530329
-0.0464379
-0.057119
-0.0184172
0.0197298
0.0139731
-0.0150186
-0.01703
0.012031
0.0368612
0.0306884
-0.00274225
-0.0236191
-0.00766668
0.0145973
0.00558072
-0.0223706
-0.0198044
0.0168861
0.033532
0.00613559
-0.0281967
-0.0218157
0.0288851
0.0714709
0.0508022
-0.0107184
-0.0313872
0.00571944
0.0291625
-0.00433749
-0.0428313
-0.0194576
0.0370693
0.0467101
-0.000938943
-0.0447039
-0.0347164
0.0143198
0.0476811
0.0297174
-0.0150186
-0.0223012
0.0190362
0.0440745
0.010089
-0.0380455
-0.0361729
0.00141923
0.0178571
0.00211282
-0.0174462
-0.0162671
0.00128052
0.0123085
0.00988093
0.00370805
-0.00239546
-0.00711182
0.00474842
0.0251397
0.0141811
-0.0146719
-0.00260354
0.0401904
0.0429648
-0.00066151
-0.0166139
0.0218799
0.0492763
0.0118923
-0.0481718
-0.047825
0.0149441
0.0553105
0.0150828
-0.051501
-0.0411667
0.0369306
0.0695983
0.0189668
-0.038323
-0.0384617
0.00134988
0.0345724
0.0311045
-0.00288097
-0.0211222
-0.0078054
-0.00669567
-0.0340921
-0.0415828
-0.000314719
0.0456697
0.0478892
0.01106
-0.0229255
-0.0134234
0.026735
0.0417857
0.0114762
-0.0208447
-0.00766668
0.0299254
0.039913
0.0178571
-0.0018406
0.0109907
0.0453229
0.0491376
0.00176602
-0.0460217
-0.0417215
-0.00745861
0.00384677
-0.0147412
-0.0300694
-0.0149493
0.0163312
0.0219492
-0.0110652
-0.0455362
-0.0354793
0.0145279
0.0476811
0.0227815
-0.0228561
-0.0227868
0.0124472
0.0273592
0.0109213
-0.0121056
-0.00981678
0.0281221
0.0560734
0.0246542
-0.0281273
-0.0277112
0.0136263
0.0297867
0.00537265
-0.0193188
-0.00468428
0.0322836
0.038179
0.00460971
-0.0198044
0.00176602
0.043589
0.0551718
0.022296
-0.0195963
-0.0195963
0.0219492
0.0483747
0.0264575
-0.00738925
-0.00412942
0.0216718
0.0289544
0.0134182
-0.00655695
-0.011412
0.000725653
0.00939542
0.00599687
0.00592751
0.0183426
0.0208395
-0.00378263
-0.0318033
-0.0311791
0.00176602
0.0394275
0.0488602
0.0222267
-0.0105104
-0.00773604
0.0235445
0.0367225
0.0107132
-0.0268789
-0.0286128
0.00585815
0.0225041
-0.00516979
-0.0340921
-0.0135621
0.0326998
0.0398436
-0.00572465
-0.053443
-0.0438716
0.0173716
0.0518426
0.0105051
-0.0489348
-0.0361729
0.0394275
0.0820134
0.0410921
-0.0245207
-0.0328437
0.00426292
0.0263188
0.0207702
0.00849376
0.0115455
0.0336708
0.0437277
0.0155683
-0.021677
-0.018764
0.0121697
0.0191749
-0.00655695
-0.0245901
-0.00253418
0.0373467
0.0435196
-0.00225675
-0.0517091
-0.0385311
0.0193136
0.0434503
0.0169555
-0.00849898
0.00405484
0.0328385
0.0322836
-0.00794411
-0.0469234
-0.0368665
0.00884055
0.0333933
0.0136263
-0.0162671
-0.00891513
0.0272898
0.0415082
0.013002
-0.0270176
-0.0301387
0.00523393
0.026943
0.00703724
-0.0155042
0.00481778
0.0421325
0.0412308
0.00107244
-0.0309017
-0.0190414
0.0159151
0.026735
0.00218217
-0.0209834
0.000933727
0.0519813
0.0711242
0.0394275
-0.0010083
-0.00301969
0.0304803
0.0513571
0.0256252
-0.0186253
-0.0232029
0.00918734
0.0189668
-0.0122443
-0.0337453
-0.0031584
0.0485134
0.058501
0.0129327
-0.0331905
-0.0244513
0.0143892
0.0341563
0.0300641
0.00974221
-0.00544722
0.0127246
0.0388033
0.0242381
-0.0116201
-0.00704246
0.0326998
0.0429648
0.00467907
-0.0236191
0.00544201
0.0478198
0.0395662
-0.00558594
-0.0294451
-0.00322776
0.0462939
0.0634254
0.0254171
-0.0263934
-0.0315259
0.00634366
0.0311045
0.0143892
-0.0191108
-0.020706
0.0189668
0.043589
0.0114068
-0.025353
0.00294511
0.0569751
0.0524668
-0.00496171
-0.0431087
-0.0166139
0.0431728
0.0561428
-0.00364391
-0.0600321
-0.0354793
0.0278447
0.0373467
-0.00406006
-0.0232029
0.000517578
0.0233364
0.0187588
-0.00364391
-0.0250756
-0.0136315
0.0364451
0.0653674
0.0191056
-0.0512236
-0.052472
0.00287575
0.0370693
0.0275672
-0.000453436
-0.00794411
0.0227122
0.0525362
0.0392888
0.0032919
-0.00933128
0.00343062
0.00974221
-0.00648759
-0.0241046
-0.0140476
0.00516457
-0.00170188
-0.0254224
-0.0345083
-0.0163364
0.00911799
0.0130714
-0.0116201
-0.0420683
-0.0426925
-0.0195963
-0.011412
-0.0251449
-0.0374907
-0.0302081
-0.00669567
0.00856312
-0.0082909
-0.049559
-0.0718923
-0.0502526
-0.0116201
-0.00371327
-0.0349244
-0.0538592
-0.0331905
-0.0190414
-0.0414441
-0.0589917
-0.0359648
0.00148859
0.0165393
-0.000314719
-0.032913
-0.0431087
-0.0181398
0.00544201
-0.00718117
-0.03756
-0.033676
0.00620494
0.0186201
-0.0243126
-0.0619047
-0.03756
0.00703724
0.00252896
-0.0399876
-0.0633613
-0.0484493
-0.0211222
-0.0109959
-0.0259772
-0.0476863
-0.044912
-0.0150186
0.00592751
-0.00274225
-0.0124524
0.00682917
0.0356128
0.0383871
0.0148747
-0.0100249
-0.0213302
-0.0172381
-0.00301969
0.00259832
-0.00946999
-0.0171687
-0.00503107
0.0105051
0.0130714
0.0041242
-0.00960871
-0.0183478
-0.0162671
-0.00669567
0.0092567
0.0204927
0.0062743
-0.0202205
-0.0265321
-0.010441
0.0079389
0.00773082
-0.0154348
-0.0324969
-0.0200124
0.00225153
0.0102277
0.00884055
0.00544201
-0.00281161
-0.00634888
0.0028064
0.0118923
0.01106
0.00662109
0.00745339
0.0182733
0.0314513
0.028677
0.0118923
0.00377741
0.00565008
0.000170787
-0.00856834
-0.00461492
0.00433228
-0.00253418
-0.01703
-0.00870705
0.0190362
0.0252784
0.00232089
-0.00447621
0.0212557
0.0330465
0.00363869
-0.0299306
-0.032913
-0.0150186
0.00634366
0.0207008
0.0191749
0.0105051
0.00565008
0.00148859
3.20712e-05
0.00745339
0.0164699
0.0145279
0.00516457
0.00724532
0.0237526
0.0322142
0.0207008
-0.000592152
-0.0173075
-0.01703
-0.000800226
0.0126553
0.0126553
0.00800826
0.00884055
0.0148747
0.023059
0.0324223
0.0322836
0.0160538
0.00398548
0.0106439
0.0193136
0.0178571
0.0117536
0.0041242
0.00266768
0.0164006
0.0274979
0.0183426
0.0071066
0.01106
0.0207702
0.0280528
0.0315207
0.0279834
0.0238219
0.0251397
0.0222267
0.0131408
0.0148054
0.0270817
0.0252784
0.00447099
-0.0137702
-0.0172381
-0.00496171
0.0127246
0.0150828
0.00967285
0.0190362
0.0231283
0.00100309
-0.0156429
-0.0061408
0.000240146
-0.0109959
-0.0186946
-0.00641824
0.0200072
0.0388726
0.0314513
0.00343062
-0.0155735
-0.00426813
0.0161925
0.00904863
-0.0168913
-0.022648
-0.00308904
0.0154296
0.0207008
0.019383
0.0125165
-0.00301969
-0.0193188
-0.0273644
-0.0289596
-0.021677
-0.00239546
0.0102277
0.00349998
0.000101429
0.0107132
0.00870184
-0.00981678
-0.0127992
0.00107244
-0.00211803
-0.0274337
-0.0442184
-0.0324969
-0.00662631
0.00523393
0.00433228
0.0149441
0.0309658
0.0225041
-0.00308904
-0.0103023
0.00107244
0.00703724
0.0125165
0.0257639
0.0300641
0.0196604
0.00613559
-0.00392134
-0.00738925
-0.00704246
-0.00856834
-0.00246482
0.014736
0.0272898
0.0255559
0.0102971
-0.0130073
-0.023411
-0.00378263
0.0214637
0.0130714
-0.0190414
-0.0301387
-0.0158509
-0.0116201
-0.0206367
-0.0152267
0.00128052
0.00565008
0.00204346
0.00440163
0.00828569
0.00336126
-0.0086377
-0.00690374
0.0199379
0.0386646
0.0182039
-0.0138396
-0.0215383
-0.0128685
-0.00503107
0.00440163
0.0161232
0.0211169
0.0157764
0.00995028
0.013002
0.0148747
0.00294511
-0.0125218
-0.011412
0.00918734
0.0289544
0.0292318
0.0153602
0.00481778
0.000725653
-0.00114702
0.00239025
0.0122391
0.0173022
0.0092567
-0.00447621
-0.0112733
-0.0106491
-0.00974743
-0.0109959
-0.0134234
-0.00877641
0.00995028
0.0250704
0.0152909
-0.00551658
-0.0115507
0.00044822
0.0181345
0.026735
0.0182733
0.00481778
0.00530329
0.0155683
0.0145279
-0.0010083
-0.00371327
0.0242381
0.0489989
0.0330465
-0.00149381
-0.014117
-0.00412942
0.00897927
0.0165393
0.0187588
0.0191056
0.0202846
0.021325
0.0216025
0.017649
0.00675981
0.000656294
0.00939542
0.0152215
-0.00066151
-0.0198044
-0.0177236
-0.00385198
0.00336126
0.00162731
-0.00301969
0.000101429
0.0114762
0.0161232
0.00960349
-0.000384078
-0.00690374
-3.72869e-05
0.0211863
0.0371387
0.0347111
0.0226428
0.00939542
-0.00440685
-0.011412
-0.000522794
0.0177184
0.0194523
0.0032919
-0.013146
-0.019735
-0.0173768
-0.0123137
-0.0119669
-0.0192495
-0.025353
-0.0132847
0.012031
0.0186201
-0.00648759
-0.035618
-0.0378375
-0.0164752
0.00162731
0.00516457
0.00239025
-0.00378263
-0.0107184
-0.00745861
0.00988093
0.0279834
0.0268737
0.00343062
-0.0190414
-0.0182785
-0.00343584
0.00752275
0.0155683
0.0218105
0.0172329
0.00745339
0.00717596
0.0161232
0.022088
0.0179958
0.00974221
0.00370805
-0.0031584
-0.0125218
-0.0149493
-0.00593273
-0.00440685
-0.0229255
-0.0348551
-0.017793
0.00662109
0.0112681
