0.0121697
0.00356934
0.00599687
0.0116842
0.00974221
0.00405484
0.000309504
-0.00211803
0.00454035
0.0231283
0.0305496
0.0179958
0.012031
0.0217412
0.0247236
0.0140424
0.00592751
0.00814697
0.0145973
0.0212557
0.0237526
0.0155683
0.00828569
0.0200766
0.0346418
0.0206314
-0.00940063
-0.0199431
-0.0118975
-0.00392134
0.00100309
-0.00170188
-0.0145331
-0.0186253
-0.00419877
0.00828569
0.0049565
-0.00204867
-0.000106645
0.00648238
0.0101584
0.0136263
0.017441
0.0114762
-0.000869585
3.20712e-05
0.0163312
0.0258333
0.019383
0.0114068
0.00398548
-0.0116201
-0.0206367
-0.0103023
-0.000869585
-0.00641824
-0.0134234
-0.0103023
0.00349998
0.0192443
0.0196604
0.00294511
-0.0125911
-0.0140476
-0.00419877
0.000309504
-0.011412
-0.0213996
-0.019735
-0.0256304
-0.032913
-0.0196656
-0.00725053
-0.0146719
-0.0173768
-0.00558594
0.00218217
0.00821633
0.0190362
0.012794
-0.010441
-0.0127992
0.0121697
0.0309658
0.0251397
0.00349998
-0.0129379
-0.00988614
0.00211282
0.00287575
-0.00940063
-0.0170994
-0.00974743
0.00204346
0.010089
0.0160538
0.0148054
0.00176602
-0.0125911
-0.0124524
0.0041242
0.0196604
0.0197298
0.0071066
-0.0127992
-0.0294451
-0.0264627
-0.0103716
0.00377741
0.0244461
0.0460859
0.0370693
0.00662109
0.000378862
0.0211169
0.0311739
0.0192443
0.00682917
0.00904863
0.0247929
0.0396356
0.032353
0.00460971
-0.0136315
-0.0107184
-0.00836026
-0.0177236
-0.0191801
-0.00440685
0.00870184
0.0133488
0.0169555
0.0170248
0.0117536
0.00724532
0.000378862
-0.00891513
-0.00357455
0.0197298
0.0350579
0.0261107
0.0127246
0.0161232
0.0175103
-0.00808283
-0.0303468
-0.00621016
0.0320755
0.0264575
-0.00107766
0.00398548
0.0251397
0.0177184
-0.00295033
0.00287575
0.0291625
0.0385952
0.0195911
-0.00260354
-0.010441
-0.0125218
-0.00988614
0.00752275
0.0276366
0.0263882
0.0108519
0.00669045
0.00863248
-0.00204867
-0.0152267
-0.0116895
0.00655174
0.0242381
0.0274285
0.0168861
0.00655174
0.00523393
0.011823
0.0180652
0.0127246
-0.00107766
-0.00503107
0.0062743
0.0178571
0.0198685
0.0145973
0.00780018
0.00620494
0.0107826
0.0152215
0.0171635
0.0195911
0.0197298
0.00932606
-0.00295033
3.20712e-05
0.00766147
0.00100309
-0.00641824
-0.00218739
-0.0026729
-0.0086377
-0.000730868
0.0152215
0.022088
0.0178571
0.00426292
-0.00690374
-0.00246482
0.00544201
0.00481778
0.00807761
0.0214637
0.0314513
0.0284689
0.0175797
0.00918734
0.00336126
-0.00308904
0.00141923
0.014736
0.00759211
-0.0142557
-0.0107878
0.0100196
0.0079389
-0.0053085
0.00454035
0.0181345
0.0011418
-0.024382
-0.0230642
-0.00523915
0.0108519
0.023267
0.0194523
0.00377741
0.00988093
0.0338788
0.0347111
0.0115455
0.00259832
0.0131408
0.0123778
-0.0026729
-0.00378263
0.00967285
0.00967285
-0.00128573
0.00731468
0.0314513
0.0371387
0.0268737
0.0297174
0.0408147
0.0354047
0.012794
-0.0137702
-0.0338147
-0.0320807
-0.00281161
0.0227122
0.0163312
-0.000176003
-0.00870705
-0.0230642
-0.0299306
-0.00662631
0.0193136
0.0196604
0.0118923
0.0109213
0.0117536
0.0136956
0.0142505
0.00474842
-0.0112039
-0.0152961
-0.00142445
0.0079389
-0.00350519
-0.0174462
-0.0127298
0.00336126
0.0140424
0.0127246
-0.0031584
-0.026324
-0.0356874
-0.019735
0.00467907
0.0121004
0.000240146
-0.0139783
-0.0211915
-0.0220932
-0.0100249
0.0162619
0.0341563
0.0257639
0.00613559
0.00225153
0.021325
0.0435196
0.0450455
0.0273592
0.0163312
0.0234751
0.0225735
-0.00190996
-0.0200818
-0.00919256
0.0100196
0.0177878
0.0160538
0.00703724
-0.00218739
-0.000245361
0.00696788
0.00724532
0.0041242
0.00551136
0.00773082
0.00488714
-0.000314719
-0.0018406
-0.00177124
-0.00537786
-0.00669567
0.00211282
0.014736
0.0229203
0.0270124
0.0250704
0.0146666
0.00336126
-0.00301969
-0.00988614
-0.0194576
-0.021677
-0.0107184
0.000240146
-0.00142445
-0.00711182
-0.00336648
0.00932606
0.0207008
0.0177878
-0.00662631
-0.0318727
-0.0241046
0.0113374
0.0361677
0.0353354
0.0264575
0.0211863
0.0135569
0.0041242
0.00724532
0.0231283
0.0246542
-0.00253418
-0.0273644
-0.0194576
0.00447099
0.0168167
0.019383
0.0206314
0.0118923
-0.00822155
-0.0194576
-0.014117
-0.00503107
0.00252896
0.00800826
0.00502586
-0.00704246
-0.0164058
-0.0108572
0.00530329
0.0134875
3.20712e-05
-0.0263934
-0.0340921
-0.00738925
0.0211169
0.0170942
-0.00447621
-0.00884577
0.00301447
-0.000592152
-0.0250756
-0.0374907
-0.0227174
-0.00496171
-0.00475364
-0.00808283
0.0049565
0.0221573
0.0234751
0.0113374
-0.00288097
-0.00634888
0.012794
0.0394275
0.0388726
0.0125859
-0.00156317
0.00724532
0.0154296
0.0123085
0.00419356
-0.0100249
-0.0256998
-0.0238271
-0.00510043
0.0041242
-0.00676503
-0.018001
-0.012175
-0.00170188
-0.00412942
-0.00738925
0.00474842
0.0180652
0.00939542
-0.0166139
-0.0293758
-0.00981678
0.0217412
0.028677
0.00592751
-0.0161977
-0.0180704
-0.0116895
-0.00572465
0.00641302
0.0177878
0.0179265
0.0173022
0.0169555
0.000517578
-0.0146719
0.000656294
0.0189668
0.00752275
-0.000245361
0.0169555
0.0235445
0.0111987
0.0141811
0.0320062
0.0283302
0.00107244
-0.0113427
-3.72869e-05
0.00641302
0.00488714
0.0170248
0.0340176
0.0268043
0.00377741
-0.0026729
0.00162731
-0.012175
-0.0315259
-0.0223706
0.00467907
0.0130714
0.00225153
-0.0026729
0.00447099
0.0116149
0.00918734
-0.00190996
-0.0112733
-0.00856834
-0.000869585
-0.00343584
-0.014117
-0.0139783
0.00398548
0.0204234
0.016678
0.0028064
-0.00551658
-0.00787476
-0.00641824
-0.00329712
-0.000384078
0.00266768
0.00245961
0.00232089
0.0109907
0.0145973
-0.00170188
-0.0190414
-0.0177236
-0.00870705
-0.00593273
-0.00523915
-0.000800226
0.00460971
0.00398548
-0.00704246
-0.0213996
-0.0248675
-0.0195269
-0.0229948
-0.0297919
-0.0143251
0.0168167
0.0349192
0.030619
0.00911799
-0.00676503
0.0079389
0.0294399
0.0179265
-0.0142557
-0.0326356
-0.0297226
-0.0148106
0.000240146
0.00467907
0.00308383
0.0143892
0.0393581
0.048236
0.027914
0.00433228
-0.00385198
-0.00301969
0.0032919
0.0157764
0.0207008
0.013002
0.0172329
0.0396356
0.0441438
0.0146666
-0.016059
-0.016822
0.00384677
0.0209782
0.0273592
0.0310352
0.0358902
0.0338788
0.0186894
-0.00343584
-0.0236884
-0.0328437
-0.0254917
-0.0139089
-0.0105797
-0.00891513
-0.00232611
0.00460971
0.00884055
0.0109213
0.0116842
0.0133488
0.0196604
0.0270124
0.0204234
-0.000245361
-0.00718117
0.0105745
0.026943
0.0261801
0.0239606
0.0310352
0.0349192
0.0237526
0.0011418
-0.025353
-0.0397795
-0.0158509
0.0322142
0.0478198
0.023267
0.00349998
-0.000176003
-0.0026729
0.00363869
0.019383
0.0220186
0.00946478
-0.000106645
-0.00301969
-0.00274225
0.00162731
0.00641302
0.0105051
0.0159844
0.0160538
0.00981157
0.013765
0.0309658
0.0383178
0.017649
-0.0181398
-0.0333985
-0.00842962
0.034295
0.0589171
0.0518426
0.0254865
0.00960349
0.0188975
0.0291625
0.0190362
0.00204346
-0.00662631
-0.00752797
0.00273704
0.0207702
0.0226428
0.00356934
-0.00558594
0.00509521
0.00780018
-0.00135509
0.0032919
0.022088
0.0308964
0.0206314
0.00669045
0.00703724
0.0139037
0.00481778
-0.00967807
-0.00454557
0.00467907
-0.00523915
-0.0173075
-0.0116895
0.00405484
0.0170248
0.0162619
-0.000453436
-0.0143944
-0.00731989
0.0132795
0.0283302
0.026943
0.0123778
-0.00239546
-0.00801347
3.20712e-05
0.0217412
0.0404679
0.0363064
0.0125165
-0.00572465
-0.00301969
0.00565008
0.00363869
-0.00246482
-0.000176003
0.0103664
0.0150828
0.00370805
-0.0130073
-0.0181398
-0.00974743
0.00301447
0.0134182
0.0186894
0.0164699
0.00759211
-0.000245361
0.00613559
0.0265269
0.0365838
0.0218799
0.00204346
-0.0010083
0.00849376
0.0123085
0.000864369
-0.0167526
-0.0247288
-0.0143251
0.0087712
0.0190362
0.00287575
-0.0159897
-0.0143944
-0.000592152
0.00675981
0.000378862
-0.00940063
-0.00114702
0.0177878
0.0126553
-0.00953935
-0.0099555
-0.0010083
-0.0119669
-0.0195269
0.000656294
0.0254865
0.0261107
0.00523393
-0.0121056
-0.00731989
0.0119617
0.0191749
0.00467907
-0.00856834
-0.00496171
0.00571944
0.0151521
0.0169555
0.00349998
-0.00801347
0.00266768
0.0202846
0.0204234
0.00800826
-0.00197931
-0.00787476
-0.00815219
0.00356934
0.0193136
0.0216025
0.0118923
0.00516457
0.00370805
0.00599687
0.0136263
0.0179958
0.0109213
-0.000106645
-0.00426813
0.00169667
0.0139731
0.025972
0.0326998
0.0320062
0.0239606
0.0109213
0.00433228
0.0160538
0.0303416
0.0202846
-0.00163252
0.00134988
0.0312432
0.0499006
0.0329772
0.0011418
-0.0109959
0.00225153
0.0206314
0.025001
0.0161925
0.00780018
0.00218217
-0.00683438
-0.0130073
-0.00440685
0.0134182
0.02403
0.0273592
0.0308271
0.0229203
-0.00412942
-0.023411
-0.00690374
0.0254865
0.0322836
0.0163312
0.0049565
-0.00967807
-0.0345083
-0.0357567
-0.0056553
0.0134875
0.00606623
-0.00433749
-0.00815219
-0.0112733
-0.013146
-0.0139783
-0.0192495
-0.0241739
-0.0143944
0.00800826
0.0218105
0.0135569
-0.00974743
-0.0277805
-0.0250062
-0.0118282
-0.00981678
-0.0134234
-0.00641824
0.00225153
0.00252896
0.00294511
0.00384677
-0.000730868
-0.0039907
0.00447099
0.0190362
0.018412
-0.000592152
-0.0106491
0.0032919
0.0229896
0.0283302
0.0169555
-0.00468428
-0.0232029
-0.0215383
-0.00558594
-0.00329712
-0.0130073
-0.00960871
-0.00156317
-0.010441
-0.0220932
-0.0155042
0.000725653
0.00613559
-0.00475364
-0.0137008
-0.00107766
0.0166087
0.0092567
-0.0129379
-0.0235497
-0.0247288
-0.0302081
-0.0348551
-0.0209834
0.00585815
0.0123085
-0.00364391
-0.000314719
0.0281915
0.0351273
0.00773082
-0.0119669
-0.00572465
0.00107244
-0.0086377
-0.0233416
-0.0204286
0.00738403
0.0381097
0.0437277
0.0238219
0.00675981
0.00967285
0.0126553
-0.00142445
-0.0182785
-0.0249369
-0.0231335
-0.0162671
-0.0115507
-0.0117588
-0.00468428
0.0148054
0.0210476
0.000517578
-0.0161977
-0.0105797
-0.00170188
0.00620494
0.0242381
0.0374161
0.0281915
0.0126553
0.0105745
0.0127246
0.00960349
0.00835505
0.0049565
-0.00926192
-0.0201511
-0.00919256
0.0125859
0.0150134
-0.00149381
-0.00197931
0.0196604
0.0298561
0.0152215
-0.00558594
-0.0215383
-0.030971
-0.0227868
-3.72869e-05
0.0107826
0.00454035
0.00107244
0.00488714
0.00786954
0.00828569
0.00752275
0.00814697
0.0124472
0.0198685
0.0283302
0.0265269
0.00433228
-0.0143944
-0.00066151
0.0187588
0.00336126
-0.0265321
-0.0246594
0.00828569
0.0320062
0.0221573
-0.00135509
-0.00128573
0.0218105
0.0326998
0.0227815
0.0102971
-0.00371327
-0.0205673
-0.0236884
-0.0086377
0.00974221
0.0226428
0.0255559
0.0162619
0.0057888
-0.00135509
-0.01703
-0.0324969
-0.0209834
0.00821633
0.0213944
0.0168167
0.0127246
0.00807761
-0.00274225
-0.00898449
-0.00322776
0.00273704
-0.00190996
-0.00690374
-0.0010083
0.00662109
0.00266768
-0.00842962
-0.00967807
0.00100309
0.00939542
0.0158457
0.0272898
0.0240993
-0.00641824
-0.0297226
-0.0165445
0.0087712
0.0146666
0.00981157
0.0135569
0.0194523
0.0149441
0.0092567
0.0087712
0.00121116
-0.0118975
-0.00856834
0.0102971
0.0188281
0.0139037
0.0129327
0.0116842
0.00363869
0.00287575
0.0100196
0.0107132
0.00821633
0.00814697
-0.000106645
-0.0163364
-0.0220932
-0.0143944
-0.0056553
0.00211282
0.00974221
0.00717596
-0.00759732
-0.0192495
-0.0216077
-0.0245207
-0.0238965
-0.00690374
0.00863248
0.00121116
-0.00794411
0.00426292
0.0225735
0.0265269
0.0132101
-0.0116895
-0.0311097
-0.0268789
-0.00600209
0.00731468
0.00613559
0.00447099
0.00800826
0.00662109
0.00107244
0.00273704
0.00634366
-0.000522794
-0.0100249
-0.0078054
-0.000453436
-0.00343584
-0.0130073
-0.0164752
-0.0138396
-0.00919256
-0.000522794
0.00828569
-0.000800226
-0.0313872
-0.0513623
-0.0367277
-0.0099555
-0.000176003
-0.00322776
-0.00731989
-0.0125911
-0.0166139
-0.013146
-0.00336648
0.00245961
-0.00412942
-0.0146025
-0.0122443
0.00134988
0.0126553
0.0175103
0.0183426
0.0202846
0.027706
0.027706
0.0041242
-0.0217464
-0.0136315
0.0107826
0.00766147
-0.0108572
-0.0134234
-0.013354
-0.0203592
-0.0122443
0.012031
0.0231977
0.0119617
0.00176602
0.00897927
0.0204927
0.0198685
0.0112681
0.00551136
0.00232089
0.000101429
-0.000800226
-0.00849898
-0.0245207
-0.0261853
-0.00406006
0.0161232
0.0205621
0.0242381
0.0312432
0.0288157
0.0125859
-0.00822155
-0.01703
-0.00537786
0.00738403
0.000170787
-0.012175
-0.0110652
-0.004823
-0.00274225
-0.00142445
0.00315319
0.00918734
0.00863248
0.0019741
0.000240146
0.00252896
0.0019741
0.000517578
-0.00204867
-0.00288097
0.00745339
0.0200766
0.0150134
-0.00475364
-0.0155042
-0.00406006
0.0162619
0.0234058
0.0142505
0.000864369
-0.00836026
-0.0105104
-0.00496171
0.00398548
0.00759211
0.00391613
0.00447099
0.0145279
0.0238219
0.0231977
0.0165393
0.013765
0.0156377
0.0121004
-0.000176003
-0.0103023
-0.0114814
-0.0106491
-0.00960871
3.20712e-05
0.0132101
0.012794
-0.00177124
-0.0105797
-0.000938943
0.0134875
0.0128633
3.20712e-05
-0.0125911
-0.0211222
-0.016822
0.00377741
0.0193136
0.0136956
0.00252896
0.00377741
0.0139731
0.0221573
0.0247929
0.0261107
0.0317981
0.0326998
0.00856312
-0.0272257
-0.0314565
-0.00496171
0.0111987
0.0108519
0.0132101
0.0129327
3.20712e-05
-0.0103023
-0.00357455
0.00821633
0.0104358
0.00856312
0.0121697
0.0202846
0.0272898
0.0233364
-0.000106645
-0.0264627
-0.0256998
-0.00544722
-0.000106645
-0.0119669
-0.0193882
-0.0191108
-0.0100942
0.0125859
0.0260414
0.0139037
0.00239025
0.00433228
-0.000938943
-0.0112039
-0.0103716
-0.00662631
-0.00523915
0.00176602
0.00814697
0.00613559
0.00232089
0.000170787
-0.00516979
-0.0167526
-0.0266708
-0.0146719
0.0201459
0.0363757
0.00849376
-0.02244
-0.0159203
0.00377741
0.00502586
0.00454035
0.02403
0.043589
0.0333933
0.00211282
-0.0142557
-0.0039907
0.0109213
0.0126553
0.00169667
-0.0143251
-0.020706
-0.00870705
0.0118923
0.0289544
0.0338788
0.0187588
3.20712e-05
0.00211282
0.0138343
0.015707
0.0131408
0.00641302
-0.0112039
-0.0277805
-0.0302774
-0.0191801
0.00162731
0.0209089
0.0256252
0.0226428
0.0258333
0.0320062
0.0281915
0.0102971
-0.00801347
-0.00690374
0.0131408
0.0261107
0.0194523
0.0117536
0.0116842
0.00148859
-0.0237578
-0.0426232
-0.0339534
-0.00856834
-0.00447621
-0.026324
-0.0355487
-0.0202899
-0.0086377
-0.0078054
0.00204346
0.0134875
0.00322255
-0.00794411
0.00696788
0.0207008
0.0109213
0.00426292
0.0107826
0.00890991
-0.000522794
-0.000522794
0.00544201
0.00273704
-0.00662631
-0.00634888
0.00842441
0.0197991
0.0121697
-0.00239546
-0.00489236
-0.000869585
-0.000869585
0.00252896
0.00745339
-0.00142445
-0.0124524
-0.000106645
0.0250704
0.037971
0.0400517
0.035266
0.0184813
0.00682917
0.0219492
0.0463633
0.0422018
0.00682917
-0.021677
-0.0134234
0.0169555
0.0343643
0.0289544
0.0182039
0.013002
0.00863248
-0.000176003
-0.0122443
-0.0157122
-0.004823
0.00232089
-0.00905384
-0.0270176
-0.0294451
-0.0134234
0.00363869
0.0143892
0.0209089
0.0144586
-0.0031584
-0.0117588
-0.00891513
-0.00877641
-0.0119669
-0.00960871
-0.00218739
0.00530329
0.011823
0.00884055
-0.00926192
-0.0232723
-0.010441
0.0172329
0.0264575
0.00863248
-0.0100249
-0.00919256
0.000309504
0.00239025
-0.00204867
0.00232089
0.0193136
0.0290238
0.0234751
0.0192443
0.013765
-0.00406006
-0.010441
0.0123778
0.029648
0.00835505
-0.0248675
-0.0304855
-0.0169607
-0.00718117
0.0041242
0.0179958
0.0157764
0.000240146
-0.0031584
0.00675981
0.00731468
-0.000522794
0.00252896
0.0112681
0.0116149
0.0123085
0.0214637
0.0286076
0.0252784
0.0154989
0.00447099
-0.00281161
0.00128052
0.012794
0.0136956
-0.000522794
-0.0127992
-0.00919256
0.00287575
0.00911799
0.0123085
0.0195911
0.0250704
0.0237526
0.0186894
0.0119617
0.00738403
0.00551136
-0.00190996
-0.0139783
-0.0149493
-0.00163252
0.00356934
-0.0111346
-0.0254224
-0.0229255
-0.0078054
0.0121004
0.0234058
0.0145973
-0.00385198
-0.0134234
-0.00842962
0.00245961
0.00481778
0.00218217
0.0118923
0.0284689
0.0347805
0.0334627
0.0280528
0.0146666
0.00696788
0.0175797
0.0247929
0.0102971
-0.00773604
-0.0107878
0.00294511
0.0303416
0.0530217
0.0508022
0.0341563
0.0258333
0.0247236
0.0139037
-0.00336648
-0.00516979
0.00800826
0.0152215
0.0161925
0.0150828
0.00239025
-0.0102329
-0.00135509
0.0151521
0.0152215
0.00155795
-0.00766668
-0.000384078
0.0154296
0.0198685
0.0103664
-0.00135509
-0.00953935
-0.00815219
0.00884055
0.0263188
0.017441
-0.0162671
-0.0363116
-0.0189721
0.00287575
-0.00593273
-0.023411
-0.014117
0.0143892
0.0295093
0.0209782
0.0100196
0.00752275
0.00107244
-0.00946999
-0.0113427
0.000586936
0.0227122
0.0344337
0.0170942
-0.0144638
-0.0275725
-0.00669567
0.0285383
0.0397743
0.0202153
0.00370805
0.00849376
0.014736
0.00981157
0.00884055
0.014736
0.0118923
0.00211282
-0.00211803
-0.000176003
0.00509521
0.011823
0.0172329
0.0189668
0.0122391
-0.00232611
-0.00981678
-0.00232611
0.00571944
0.00322255
-0.00197931
0.000170787
0.00717596
0.00960349
0.00863248
0.012031
0.0133488
0.00953414
0.00849376
0.00259832
-0.0135621
-0.0239658
-0.0238965
-0.0213302
-0.0146025
-0.00343584
0.0107132
0.023059
0.0150828
-0.0146025
-0.0362422
-0.0295839
-0.00905384
-0.00204867
-0.0103716
-0.00884577
0.00703724
0.0121004
0.00239025
-0.000730868
0.00398548
0.00148859
-0.00669567
-0.0107878
-0.0103023
-0.00544722
0.0041242
0.0100196
0.00759211
0.00426292
0.00460971
0.00870184
0.0171635
0.0170942
0.00232089
0.000795011
0.0257639
0.0394275
0.0152215
-0.020706
-0.0348551
-0.0256998
-0.011412
-0.00447621
-0.000176003
0.00780018
0.00558072
-0.0122443
-0.016822
0.000586936
0.00620494
-0.00953935
-0.0207754
-0.0265321
-0.0422764
-0.046854
-0.0195269
0.00890991
0.0111987
0.00377741
0.000725653
0.00183538
0.0102277
0.015707
0.00398548
-0.00766668
0.00377741
0.0268737
0.0341563
0.0171635
-0.0039907
-0.00246482
0.017649
0.0295786
0.0247929
0.0129327
0.00044822
-0.0109265
-0.0161284
-0.00926192
0.00336126
0.0117536
0.0154989
0.0154296
0.0101584
0.00225153
-0.0053085
-0.0100249
-0.00946999
-0.00794411
-0.00745861
0.000101429
0.0116149
0.0146666
0.00995028
0.00100309
-0.00877641
-0.00836026
0.000240146
0.000586936
-0.00815219
-0.00981678
0.0032919
0.0199379
0.0225735
0.0112681
0.00551136
0.0142505
0.0253478
0.0223654
-0.00412942
-0.0354099
-0.0304161
0.00981157
0.0367919
0.0322836
0.0188975
0.00641302
-0.00607144
-0.0118975
-0.0186253
-0.035618
-0.0376294
-0.00440685
0.0283995
0.0243768
0.0057888
0.00606623
0.0153602
0.0116149
0.0032919
0.00967285
0.0239606
0.0271511
0.0195911
0.0145973
0.0146666
0.0170248
0.0246542
0.0314513
0.0207702
-0.00648759
-0.0251449
-0.016822
0.00391613
0.0123085
0.0103664
0.0169555
0.0297174
0.0263882
0.00433228
-0.0127298
-0.0134928
-0.0126605
-0.0175849
-0.012383
0.013765
0.0428954
0.0453923
0.0184813
-0.0099555
-0.0149493
0.00121116
0.0177878
0.0233364
0.0241687
0.0260414
0.0265269
0.0234058
0.016678
0.00509521
-0.00870705
-0.0152961
-0.017793
-0.0294451
-0.0406812
-0.0338841
-0.0144638
0.0049565
0.0204927
0.0238913
0.00717596
-0.0132153
-0.00600209
0.0289544
0.051149
0.0367919
0.00724532
-0.0130766
-0.0227868
-0.0266015
-0.0258385
-0.0181398
-0.000384078
0.0219492
0.0311045
0.0141118
-0.0130073
-0.0200818
-0.00378263
0.0109907
0.00460971
-0.00919256
-0.00135509
0.0211863
0.0265962
0.0154989
0.0114068
0.0141118
0.00731468
-0.00461492
-0.00322776
0.00724532
0.00467907
-0.00669567
-0.00336648
0.0104358
0.0141118
0.00662109
-0.00322776
-0.00579401
0.00821633
0.0231977
0.0152215
-0.00558594
-0.0119669
0.00148859
0.0179958
0.0160538
-0.00440685
-0.0149493
0.000170787
0.0192443
0.0211169
0.00856312
-0.00704246
-0.0112039
0.00134988
0.013765
0.0155683
0.0116842
0.00183538
-0.00586337
0.000933727
0.00821633
0.00349998
0.00343062
0.0142505
0.016678
0.00239025
-0.0175849
-0.0274337
-0.0175849
-0.0010083
0.00148859
-0.0053085
-0.00523915
0.0019741
0.011823
0.0190362
0.0138343
0.00107244
-0.00343584
-0.00336648
-0.00350519
0.00870184
0.0282608
0.0299948
0.0140424
0.00551136
0.013765
0.0234751
0.0205621
0.00835505
-0.000176003
0.000725653
0.000586936
-0.0091232
-0.0127992
-0.00114702
0.00502586
0.000795011
0.00398548
0.00440163
-0.0142557
-0.0271563
-0.0108572
0.00835505
0.00252896
-0.00842962
0.000864369
0.0131408
0.00696788
-0.0061408
-0.0110652
-0.00960871
-0.00704246
-0.00801347
-0.0110652
-0.00634888
0.00155795
-0.00225675
-0.00981678
-0.00357455
0.00682917
0.00225153
-0.00787476
-0.00156317
0.0114068
0.00669045
-0.00655695
-0.0026729
0.0136956
0.0189668
0.0103664
0.00474842
0.00800826
0.00634366
-0.00600209
-0.0108572
-0.00156317
0.00669045
0.0128633
0.0156377
-0.00503107
-0.0344389
-0.0310404
-0.00503107
0.00731468
0.0087712
0.011823
0.0103664
0.00440163
-0.00322776
-0.0134928
-0.0193882
-0.016822
-0.00960871
0.00252896
0.0140424
0.0166087
0.0166087
0.016678
0.0124472
0.00814697
0.00544201
0.00100309
-0.00128573
0.0028064
0.01106
0.0182039
0.0246542
0.0331159
0.0327691
0.0148054
-0.00641824
-0.0165445
-0.0161284
-0.00558594
0.012794
0.0235445
0.0192443
0.0159151
0.0221573
0.0196604
-0.00343584
-0.025353
-0.0221625
-0.00440685
0.00530329
0.012794
0.0272898
0.0250704
-0.00648759
-0.0285435
-0.0139089
0.00585815
0.00308383
-0.00489236
-0.00433749
-0.00468428
-0.00489236
0.00287575
0.00939542
0.00780018
0.00440163
-0.000245361
-0.00392134
0.00183538
0.00766147
0.00121116
-0.00218739
0.0107132
0.0210476
0.0135569
0.00773082
0.0185507
0.0263882
0.0122391
-0.00933128
-0.00891513
0.017441
0.0401904
0.0367919
0.0211169
0.0116842
0.00759211
0.00669045
0.00467907
-0.00364391
-0.00967807
-0.00669567
0.000795011
0.00870184
0.0129327
0.0126553
0.0123778
0.00918734
-0.00385198
-0.0169607
-0.0166832
-0.00704246
0.00259832
0.00911799
0.012031
0.0134182
0.0181345
0.0301335
0.0388033
0.0305496
0.0126553
-0.00558594
-0.0247288
-0.033676
-0.0277805
-0.0239658
-0.0245207
-0.0165445
-0.00537786
-0.00364391
-0.00842962
-0.00745861
0.00565008
0.0187588
0.0158457
0.00273704
-0.00704246
-0.0069731
0.00454035
0.00988093
-0.00648759
-0.0169607
-0.000938943
0.00724532
-0.0125911
-0.0289596
-0.0191108
0.00648238
0.0299948
0.0340869
0.015707
-0.00378263
-0.00856834
-0.00461492
-0.00114702
-0.00572465
-0.0186253
-0.0249369
-0.0128685
0.0105745
0.0262494
0.0178571
-0.00600209
-0.0158509
-0.00163252
0.0182733
0.0257639
0.0164699
-0.00385198
-0.0128685
0.00592751
0.0290238
0.0245155
0.00509521
0.00245961
0.0159844
0.0216718
0.0100196
-0.00558594
-0.013146
-0.0178623
-0.0189027
-0.000938943
0.0276366
0.0369306
0.0252091
0.0123085
0.00571944
0.00634366
0.0161232
0.0247929
0.0178571
0.00218217
0.0049565
0.0338788
0.0559347
0.041647
0.0121697
0.00648238
0.0221573
0.0308964
0.0272205
0.0208395
0.0109907
-0.00274225
-0.00891513
-0.00621016
-0.00801347
-0.00905384
0.00356934
0.0102277
-0.00905384
-0.0279193
-0.0149493
0.0133488
0.023059
0.00967285
-0.00759732
-0.0123137
-0.00364391
0.00682917
0.00467907
-0.0115507
-0.0238965
-0.0155042
0.00897927
0.0270817
0.0238219
0.0125165
0.0190362
0.0392194
0.0441438
0.0334627
0.0349192
0.0499006
0.0515652
0.0337401
0.0173716
0.0121697
0.0115455
0.0153602
0.022088
0.0194523
0.00641302
0.00121116
0.00807761
0.00897927
0.00162731
0.00405484
0.0222267
0.0393581
0.0349886
0.0144586
0.00447099
0.0111987
0.0146666
0.00752275
0.00474842
0.0164006
0.0292318
0.0211863
-0.000522794
-0.00572465
0.00752275
0.0146666
0.00953414
-0.00170188
-0.01703
-0.0218851
-0.000800226
0.0256946
0.0248623
0.00689853
0.00467907
0.0161232
0.020354
0.0175103
0.0134182
0.0071066
0.00308383
0.000240146
-0.00655695
-0.00690374
0.00488714
0.0143892
0.0116149
0.00169667
-0.000384078
0.0122391
0.0211863
0.0100196
-0.0118975
-0.0259079
-0.0206367
0.000864369
0.0233364
0.0351966
0.0317981
0.0168861
0.00835505
0.0168861
0.0231283
0.00488714
-0.021677
-0.0213302
0.00481778
0.0229896
0.022296
0.018412
0.0182733
0.0214637
0.0272205
0.0287463
0.0225735
0.0156377
0.0140424
0.0102277
-0.00849898
-0.031942
-0.032705
-0.00711182
0.0164699
0.0166087
0.00259832
-0.0105797
-0.0215383
-0.0209141
0.00509521
0.0311739
0.0235445
0.00481778
0.00988093
0.0182039
0.00669045
-0.00579401
-0.00295033
0.0142505
0.0359596
0.0369306
0.0152909
0.00433228
0.00981157
0.00398548
-0.0159203
-0.0302774
-0.0343696
-0.0298613
-0.0144638
0.00211282
0.00759211
0.0057888
0.00169667
-0.00371327
-0.000730868
0.01106
0.0164006
0.0145973
0.0127246
0.00599687
-0.000522794
0.00585815
0.0156377
0.0116842
0.00100309
0.00502586
0.0254171
0.0369306
0.0245848
0.00884055
0.0122391
0.0235445
0.0177878
-0.00107766
-0.00551658
0.00960349
0.0177184
0.00148859
-0.018764
-0.0122443
0.0143892
0.0254171
0.0139731
0.00454035
0.00460971
0.00634366
0.0121697
0.0209089
0.0187588
0.00481778
-0.00121638
0.00828569
0.0183426
0.0214637
0.026943
0.0308964
0.0206314
0.00821633
0.0107132
0.0166087
0.0124472
0.00551136
0.00391613
0.00842441
0.0193136
0.0324223
0.0349886
0.0211169
0.00634366
0.00211282
-0.00301969
-0.012383
-0.011412
-0.000106645
0.00738403
0.0114068
0.0195911
0.0277753
0.0256946
0.0107132
-0.00357455
-0.000314719
0.0154296
0.0219492
0.0122391
-0.000522794
-0.00114702
0.01106
0.0195217
0.0128633
0.00128052
-0.00343584
0.00121116
0.0154296
0.0265962
0.0177184
0.00134988
-0.00190996
-0.00204867
-0.0114814
-0.0127298
0.00599687
0.0263882
0.0281221
0.0150134
0.00530329
0.00544201
0.00370805
-0.00170188
0.0032919
0.0157764
0.0156377
0.000795011
-0.0114814
-0.0112039
-0.00406006
0.00488714
0.0161925
0.023267
0.0189668
0.0175103
0.0320062
0.0381097
0.0116842
-0.0144638
0.000378862
0.0300641
0.0257639
-0.00288097
-0.0130766
0.00204346
0.0144586
0.0114068
0.00786954
0.0154296
0.0242381
0.0191056
-0.00142445
-0.0205673
-0.0173768
0.00641302
0.0272205
0.0300641
0.0186201
0.00752275
0.00641302
0.00356934
-0.00960871
-0.00940063
0.019383
0.0478892
0.049207
0.0326304
0.0145973
0.00474842
0.00821633
0.0156377
0.0164699
0.0162619
0.0198685
0.0252784
0.0330465
0.0374161
0.0297867
0.0160538
0.00724532
0.00759211
0.0115455
0.00731468
-0.00329712
-0.00426813
0.00440163
0.00995028
0.0140424
0.0254865
0.0347805
0.0243074
0.00287575
-0.00690374
-0.00516979
3.20712e-05
0.0092567
0.0141811
0.0109907
0.0133488
0.0192443
0.014736
0.0106439
0.0197991
0.0264575
0.0216025
0.0241687
0.038942
0.0350579
0.0011418
-0.0203592
-0.00149381
0.0261801
0.0281915
0.00988093
-0.00572465
-0.00378263
0.00981157
0.0121004
-0.00197931
-0.00856834
0.0049565
0.0197298
0.0143198
-0.00933128
-0.0283354
-0.0261853
-0.0153654
-0.00842962
0.00405484
0.0197991
0.0191749
0.00356934
-0.00142445
0.0129327
0.0186201
-0.000800226
-0.0165445
-0.00940063
-0.000800226
-0.00295033
-0.0018406
0.00960349
0.022088
0.027914
0.0264575
0.0172329
0.00641302
0.00967285
0.030619
0.0496925
0.0417163
0.0101584
-0.00787476
0.000795011
0.00870184
0.00904863
0.0143198
0.0123085
-0.00433749
-0.0111346
0.00641302
0.0272205
0.0227815
-0.00295033
-0.0148799
0.0019741
0.0199379
0.0152215
0.00183538
-0.0018406
-0.000730868
0.00370805
0.0216025
0.0380403
0.0287463
0.0102277
0.00814697
0.0100196
0.000864369
-0.00357455
0.0092567
0.0219492
0.0182733
0.0116149
0.0151521
0.0165393
0.00870184
0.00460971
0.0101584
0.0194523
0.0279834
0.0304803
0.0231977
0.0115455
0.00426292
0.0049565
0.0136263
0.0249316
0.0261801
0.01106
-0.00523915
-0.00572465
-0.000384078
-0.00135509
0.00232089
0.0132795
0.0184813
0.0193136
0.0207702
0.0129327
-0.0039907
-0.00988614
-0.00246482
-0.00218739
-0.00787476
-0.00447621
0.00356934
0.0154989
0.0340869
0.0337401
0.00190474
-0.024382
-0.0204979
-0.0086377
-0.00364391
0.00239025
0.00870184
0.0143198
0.0243768
0.03159
0.027914
0.020354
0.0186201
0.0196604
0.0123778
-0.00121638
-0.00586337
0.0032919
0.020354
0.0351273
0.0354741
0.0246542
0.0171635
0.0141118
0.0071066
-0.00239546
-0.00253418
0.00599687
0.00932606
0.00488714
0.00266768
0.00682917
0.0109907
0.00890991
0.00897927
0.023059
0.0406066
0.0366532
0.012794
0.00322255
0.0198685
0.0310352
0.0179265
0.0049565
0.0121697
0.0227122
0.0190362
0.00800826
-0.00412942
-0.0137702
-0.00988614
0.00551136
0.021325
0.0377629
0.0492763
0.0417857
0.0216718
0.0126553
0.0249316
0.0419937
0.0376935
0.0134875
0.00190474
0.0170248
0.0331159
0.0268737
0.00759211
-0.00114702
0.00745339
0.0172329
0.01106
-0.00426813
-0.00683438
0.00863248
0.0295786
0.047265
0.0503167
0.027706
0.000378862
-0.00627952
-0.00489236
-0.0105104
-0.00940063
0.0104358
0.0372774
0.0489989
0.033324
0.00134988
-0.0233416
-0.0277805
-0.0129379
0.0118923
0.0277753
0.0259027
0.0234751
0.0311045
0.0339482
0.0248623
0.0189668
0.0261801
0.033532
0.0233364
0.00204346
-0.00579401
0.00571944
0.0179265
0.0211863
0.0257639
0.0298561
0.0167474
-0.00731989
-0.0196656
-0.0137702
0.0028064
0.0221573
0.0347805
0.0324917
0.0171635
0.00391613
0.00634366
0.0123085
0.00176602
-0.0121056
-0.00773604
0.00516457
0.0136956
0.0218799
0.025972
0.0161232
0.00176602
0.000378862
0.0100196
0.0175797
0.0197991
0.0173716
0.00988093
0.000517578
-0.00773604
-0.0123137
-0.00627952
0.00738403
0.0182039
0.0263188
0.0255559
0.00731468
-0.00364391
0.0152215
0.0318675
0.00641302
-0.0390166
-0.0363809
0.0326304
0.0777132
0.0106439
-0.0846542
-0.0286822
0.156851
0.187923
-0.0791749
-0.30771
-0.0779958
0.381779
0.367908
-0.217614
-0.553654
-0.0936014
0.497399
0.277118
-0.486446
-0.624607
0.143049
0.663165
0.0785455
-0.765751
-0.546094
0.492405
0.820816
-0.0910352
-0.911681
-0.39628
0.734396
0.819776
-0.279759
-0.947955
-0.205892
0.832052
0.607956
-0.552544
-0.89226
0.138055
1.006
0.385594
-0.819157
-0.803274
0.422284
1.03104
0.116762
-0.955099
-0.590206
0.655466
0.903699
-0.233289
-1.06441
-0.349741
0.845993
0.747435
-0.470563
-0.966196
-0.0140476
0.944829
0.489839
-0.676071
-0.798557
0.286967
0.926587
0.162885
-0.833167
-0.546579
0.576051
0.814366
-0.197292
-0.913761
-0.211926
0.870615
0.669269
-0.538048
-0.918131
0.130356
1.05185
0.460431
-0.768733
-0.800708
0.414724
1.06981
0.187507
-0.927702
-0.620931
0.65505
0.992408
-0.133205
-1.04624
-0.369023
0.897457
0.868535
-0.417018
-1.06468
-0.125437
1.00552
0.650542
-0.657483
-0.968832
0.173635
1.05615
0.359585
-0.868054
-0.796754
0.447808
1.00406
0.0628705
-0.948163
-0.519322
0.688203
0.860697
-0.234398
-0.921113
-0.176484
0.825949
0.548239
-0.568635
-0.810973
0.206581
0.956203
0.307219
-0.749313
-0.594298
0.566896
0.986929
0.0032919
-0.926107
-0.408557
0.775803
0.844745
-0.309375
-0.954128
-0.112606
0.968272
0.657547
-0.617394
-0.968207
0.131951
1.03701
0.387467
-0.854738
-0.834624
0.429914
1.05996
0.106844
-1.01704
-0.625856
0.704017
0.985542
-0.190495
-1.05816
-0.333858
0.89392
0.800564
-0.46224
-1.00968
-0.0540673
0.949198
0.507456
-0.686059
-0.816174
0.297301
0.952597
0.167532
-0.861881
-0.57897
0.583958
0.861113
-0.160948
-0.910016
-0.216365
0.868118
0.659559
-0.543874
-0.908282
0.145268
1.06336
0.46917
-0.768387
-0.812152
0.402933
1.06683
0.181958
-0.937759
-0.611499
0.691394
1.02639
-0.138337
-1.10297
-0.436231
0.883377
0.892186
-0.439282
-1.13869
-0.165179
1.0334
0.693891
-0.644028
-0.988183
0.149221
1.0678
0.402101
-0.857373
-0.834277
0.430677
1.0395
0.0867297
-0.973132
-0.533193
0.722328
0.889134
-0.258396
-0.972785
-0.205823
0.83552
0.569254
-0.56815
-0.827827
0.181057
0.90474
0.230717
-0.803759
-0.593396
0.591241
0.980687
-0.028266
-0.927564
-0.365832
0.817002
0.850293
-0.325604
-0.974103
-0.148533
0.912785
0.618013
-0.612608
-0.931517
0.171971
1.05837
0.382265
-0.874088
-0.850368
0.42173
1.05899
0.121201
-0.986379
-0.601858
0.697844
0.956065
-0.215186
-1.06572
-0.336702
0.886568
0.793558
-0.46765
-1.01204
-0.0429006
0.972919
0.526044
-0.680094
-0.810556
0.309231
0.957313
0.163925
-0.849952
-0.555527
0.574525
0.808956
-0.204782
-0.904537
-0.174126
0.912785
0.676343
-0.568427
-0.950382
0.127096
1.07647
0.478811
-0.791622
-0.854044
0.379282
1.07238
0.193611
-0.947747
-0.647981
0.648461
0.994142
-0.161503
-1.11421
-0.429225
0.892186
0.891908
-0.424578
-1.09361
-0.113577
1.0549
0.657408
-0.731211
-1.06517
0.132159
1.08257
0.401616
-0.860009
-0.818255
0.428527
0.995945
0.0548944
-0.959191
-0.528616
0.676621
0.834827
-0.28066
-0.976877
-0.211163
0.836977
0.582363
-0.557607
-0.821584
0.203459
0.951209
0.286967
-0.750284
-0.553168
0.600743
0.960642
-0.0528188
-0.943932
-0.374779
0.814643
0.842941
-0.347244
-0.989639
-0.133621
0.941222
0.6194
-0.649854
-0.98527
0.132714
1.0558
0.404667
-0.864794
-0.868609
0.394333
1.04547
0.128899
-0.98305
-0.634248
0.647005
0.929015
-0.217059
-1.07113
-0.357787
0.857715
0.775525
-0.461338
-1.00143
-0.0587143
0.934494
0.481794
-0.729615
-0.861327
0.265674
0.915837
0.124738
-0.863061
-0.527159
0.614823
0.814227
-0.235716
-0.93547
-0.18994
0.902798
0.669754
-0.569121
-0.94955
0.121062
1.05767
0.45731
-0.791067
-0.825815
0.405222
1.06648
0.167046
-0.954475
-0.617186
0.694515
1.03458
-0.122732
-1.0805
-0.416672
0.892255
0.900093
-0.418197
-1.11088
-0.150822
1.02355
0.660113
-0.688139
-1.00857
0.158377
1.05684
0.357088
-0.876239
-0.808545
0.439624
1.00357
0.0494151
-0.989015
-0.557954
0.684597
0.879909
-0.223717
-0.9225
-0.164277
0.865691
0.582571
-0.585212
-0.859939
0.178074
0.941985
0.269142
-0.792523
-0.598321
0.581461
0.964249
-0.0447039
-0.938175
-0.378802
0.795709
0.827891
-0.339407
-0.972161
-0.130292
0.9295
0.615863
-0.627659
-0.957804
0.130703
1.02951
0.390033
-0.855639
-0.847594
0.42818
1.0866
0.139858
-1.01364
-0.658454
0.664691
0.958561
-0.214839
-1.08015
-0.340031
0.896902
0.792379
-0.487833
-1.03798
-0.0680083
0.945037
0.501422
-0.686475
-0.807019
0.29848
0.929015
0.126125
-0.891497
-0.578276
0.586316
0.819845
-0.235439
-0.959052
-0.214146
0.895654
0.675095
-0.562948
-0.945527
0.125917
1.05317
0.433937
-0.823457
-0.859662
0.367075
1.03021
0.133408
-0.999835
-0.664627
0.672598
1.03243
-0.12613
-1.078
-0.398014
0.911329
0.902243
-0.428393
-1.12523
-0.165942
1.02008
0.673985
-0.674961
-1.01163
0.154354
1.07848
0.390518
-0.880816
-0.859801
0.383444
0.967439
0.0338788
-0.982079
-0.540406
0.688412
0.8625
-0.248131
-0.935817
-0.16289
0.86791
0.577785
-0.583131
-0.84794
0.17634
0.91764
0.24445
-0.806742
-0.618157
0.5567
0.967162
-0.00385198
-0.892191
-0.342736
0.841138
0.876095
-0.324148
-0.990888
-0.141944
0.945453
0.637433
-0.6167
-0.947261
0.150955
1.05795
0.412297
-0.857512
-0.866945
0.415002
1.08972
0.157267
-0.986726
-0.630225
0.694168
0.996223
-0.186125
-1.08577
-0.36389
0.887331
0.800356
-0.470285
-1.01003
-0.0279886
0.989703
0.52861
-0.695214
-0.836982
0.282597
0.945869
0.166214
-0.8512
-0.556706
0.587912
0.823799
-0.210331
-0.930615
-0.201869
0.911883
0.711161
-0.532569
-0.942753
0.119259
1.06648
0.468616
-0.786281
-0.828659
0.39572
1.05823
0.168156
-0.952879
-0.634317
0.647906
0.970768
-0.170866
-1.09652
-0.420139
0.887331
0.89822
-0.430821
-1.15062
-0.190287
1.01939
0.678493
-0.679192
-1.01551
0.153868
1.07536
0.387189
-0.870482
-0.824151
0.438445
1.01967
0.0700144
-0.953226
-0.513773
0.695972
0.842317
-0.279412
-0.961965
-0.184807
0.843635
0.55781
-0.577444
-0.811666
0.216776
0.942956
0.26179
-0.796615
-0.622804
0.548447
0.960434
-0.0277805
-0.93228
-0.372768
0.825671
0.864234
-0.321165
-0.965502
-0.123287
0.934841
0.615655
-0.62967
-0.948163
0.158515
1.05656
0.388715
-0.885186
-0.87929
0.404667
1.05663
0.104624
-1.03153
-0.655472
0.669061
0.9587
-0.214493
-1.08452
-0.340308
0.910843
0.794252
-0.518836
-1.07467
-0.0785507
0.958284
0.518345
-0.680094
-0.806742
0.304584
0.935396
0.12668
-0.883105
-0.562324
0.591518
0.820053
-0.222469
-0.9431
-0.216227
0.871725
0.642566
-0.582299
-0.940256
0.147765
1.07987
0.453634
-0.815342
-0.843432
0.41195
1.08646
0.16989
-0.984784
-0.659425
0.662472
1.0024
-0.165665
-1.11962
-0.436785
0.893573
0.917363
-0.399401
-1.10734
-0.162266
1.01925
0.682169
-0.652073
-0.990194
0.162191
1.08389
0.406401
-0.856541
-0.843848
0.383166
0.976733
0.0733436
-0.937551
-0.522928
0.684805
0.861183
-0.248756
-0.961549
-0.216019
0.825741
0.573971
-0.565792
-0.83282
0.185773
0.920414
0.240774
-0.805771
-0.602759
0.572445
0.946424
-0.0674534
-0.948579
-0.366595
0.809372
0.821094
-0.35737
-0.985616
-0.138892
0.921663
0.606361
-0.629948
-0.933528
0.175716
1.05837
0.37949
-0.889694
-0.873117
0.422562
1.08112
0.116346
-1.03833
-0.654501
0.692088
0.983392
-0.197708
-1.06475
-0.328795
0.899746
0.789674
-0.483186
-1.01946
-0.0465766
0.966052
0.52653
-0.679747
-0.843155
0.247987
0.916808
0.160596
-0.843502
-0.546857
0.594917
0.823868
-0.214423
-0.92576
-0.192021
0.894405
0.660044
-0.570716
-0.936303
0.143187
1.07224
0.453773
-0.807089
-0.843155
0.394749
1.06412
0.158862
-0.987073
-0.668927
0.646589
1.00274
-0.135771
-1.07023
-0.392882
0.903422
0.893018
-0.420209
-1.09694
-0.124743
1.06808
0.715392
-0.650825
-0.995188
0.175578
1.09984
0.404321
-0.868817
-0.829769
0.448779
1.04706
0.0820827
-0.965364
-0.515299
0.721981
0.869159
-0.273447
-0.97223
-0.20076
0.834965
0.563359
-0.574184
-0.826648
0.192917
0.924507
0.256241
-0.776085
-0.575848
0.582779
0.947048
-0.0614192
-0.935609
-0.346828
0.848976
0.869367
-0.344054
-1.01454
-0.159145
0.948782
0.655674
-0.614689
-0.962659
0.146725
1.05136
0.377271
-0.890457
-0.872146
0.396206
1.01592
0.0657836
-1.02016
-0.593674
0.731414
0.977912
-0.233774
-1.1088
-0.361116
0.888024
0.7955
-0.471603
-1.00608
-0.0178623
1.00462
0.539292
-0.694659
-0.843016
0.270806
0.922495
0.132367
-0.8718
-0.534372
0.641734
0.860004
-0.211441
-0.942337
-0.211441
0.881574
0.656299
-0.573144
-0.939771
0.15151
1.09547
0.46702
-0.823457
-0.865974
0.395304
1.07682
0.159833
-0.990679
-0.655472
0.676205
1.02473
-0.138407
-1.09146
-0.411123
0.90904
0.913756
-0.419099
-1.12482
-0.163445
1.02397
0.672112
-0.670245
-0.982079
0.203529
1.1203
0.407927
-0.870898
-0.832335
0.425475
1.00822
0.0725807
-0.942129
-0.511276
0.68751
0.834896
-0.277262
-0.961965
-0.199303
0.835243
0.574664
-0.561769
-0.82318
0.190698
0.9166
0.240982
-0.790928
-0.587431
0.56648
0.926171
-0.0812557
-0.958497
-0.379079
0.808332
0.835798
-0.3401
-0.963144
-0.101161
0.962515
0.628555
-0.636676
-0.962451
0.145823
1.04914
0.398564
-0.849674
-0.837051
0.422978
1.05982
0.132229
-0.98194
-0.628006
0.663165
0.949614
-0.20721
-1.07869
-0.37034
0.860281
0.799662
-0.434427
-1.00601
-0.103589
0.920969
0.607887
-0.505797
-0.788084
0.0562815
0.71019
0.308676
-0.430821
-0.461962
0.0960931
0.381363
0.141176
-0.129321
-0.104976
0.01106
0.0111987
0.00433228
0.075355
0.087562
-0.0202899
-0.0967919
-0.0334679
0.0806956
0.117386
0.0575993
-0.04297
-0.113993
-0.0901335
0.03159
0.124044
0.0413695
-0.141667
-0.168369
0.0312432
0.194235
0.106497
-0.0674534
-0.0668985
0.064119
0.0929026
-0.0198044
-0.0827122
-0.00301969
0.0806262
0.042618
-0.0462992
-0.0508074
0.0359596
0.105318
0.0728581
-0.029029
-0.0856252
-0.040265
0.0394275
0.0586397
0.013002
-0.0181398
0.011823
0.0497619
0.0189668
-0.0553157
-0.0690486
-0.00357455
0.0463633
0.020354
-0.0284741
-0.0307629
-0.00204867
0.0123085
0.00766147
-0.00905384
-0.0313178
-0.0264627
0.0287463
0.0772277
0.0426873
-0.0336066
-0.0497671
-0.000938943
0.0216718
-0.0246594
-0.0649565
-0.0331211
0.0188975
0.0079389
-0.0501832
-0.0632919
-0.00593273
0.0469182
0.0393581
0.00204346
-0.0166139
-0.0121056
0.00308383
0.0139731
-0.00121638
-0.0279886
-0.0213996
0.021325
0.0480279
0.0223654
-0.0225787
-0.0279886
0.0111987
0.0336708
0.00134988
-0.0322888
-0.00711182
0.0421325
0.0392888
-0.0111346
-0.0349244
-0.0103023
0.0199379
0.0226428
-0.00197931
-0.03
-0.0338841
-0.0110652
0.00481778
-0.00891513
-0.0198737
0.00308383
0.0374855
0.0379016
-0.00745861
-0.0442878
-0.0134928
0.0523975
0.0518426
-0.0328437
-0.087706
-0.0363809
0.0483747
0.0573912
-0.00163252
-0.0267402
0.0170942
0.0612753
0.0495538
0.00516457
-0.0145331
0.00717596
0.0360983
0.0298561
-0.014117
-0.0474782
-0.0254224
0.0326998
0.0478198
-0.0135621
-0.0685631
-0.0372826
0.0353354
0.051149
0.00225153
-0.0364503
-0.034647
-0.0132153
0.0153602
0.0310352
0.0163312
0.00134988
0.0201459
0.0388726
0.0152909
-0.0208447
-0.0231335
0.00440163
0.0197991
-0.000592152
-0.0239658
-0.0106491
0.0249316
0.0380403
0.0186894
-0.000106645
0.00315319
0.0191749
0.021325
-0.00690374
-0.0362422
-0.0292371
0.00218217
0.0140424
-0.0091232
-0.0296532
-0.00836026
0.0365838
0.046502
0.00571944
-0.0266015
-0.00378263
0.0413002
0.0440745
-0.00295033
-0.032913
0.0032919
0.0582929
0.0565589
0.00786954
-0.0176543
0.00169667
0.0330465
0.0467101
0.0326998
0.00745339
0.00613559
0.0367919
0.048236
0.00134988
-0.0499058
-0.0415828
-0.00350519
0.00155795
-0.0225787
-0.0288903
-0.00704246
0.0132101
0.00599687
-0.0220932
-0.0324275
-0.00475364
0.0313819
0.0319368
-0.0101636
-0.0513623
-0.0441491
0.0041242
0.0334627
0.0134875
-0.0154348
-0.0107878
0.0183426
0.0321449
0.0103664
-0.0175849
-0.00919256
0.0326304
0.0506635
0.00897927
-0.037352
-0.0170994
0.0426873
0.0520507
-0.0053085
-0.0510849
-0.0316646
0.0265962
0.0590558
0.0305496
-0.0110652
0.00128052
0.042618
0.0368612
-0.0125218
-0.0355487
-0.0109265
0.0217412
0.0183426
-0.0303468
-0.0698116
-0.0395021
0.0278447
0.0403291
-0.0117588
-0.0385311
0.00405484
0.05212
0.0324917
-0.033676
-0.0618354
-0.0260466
0.023059
0.0329078
-0.00142445
-0.0297919
-0.00503107
0.0500393
0.061414
0.00599687
-0.0436636
-0.0248675
0.033532
0.0588478
0.0219492
-0.0252836
-0.0240352
0.00842441
0.0135569
-0.0241046
-0.056911
-0.0345083
0.0255559
0.0470569
-0.00135509
-0.0573965
-0.0536511
0.00363869
0.0448374
0.0200766
-0.0261159
-0.0236191
0.0136956
0.0186894
-0.0125218
-0.0216077
0.0079389
0.0350579
0.0205621
-0.024382
-0.0397795
-0.000245361
0.0510103
0.0592639
0.0116842
-0.0365197
-0.020706
0.0363064
0.0530217
0.0103664
-0.0257692
-0.00593273
0.0422712
0.0569057
0.0229896
-0.0119669
-0.00849898
0.0237526
0.0413002
0.0154989
-0.016059
-0.000106645
0.0413002
0.0422018
-0.00426813
-0.0331905
-0.0061408
0.0397743
0.0490683
0.0136956
-0.0200818
-0.0105104
0.0272205
0.0419937
0.0149441
-0.016822
-0.0169607
0.0101584
0.03159
0.0142505
-0.0305549
-0.0467153
-0.0130073
0.0158457
0.000170787
-0.0164058
0.01106
0.0555186
0.0560734
0.00606623
-0.0273644
-0.00558594
0.0334627
0.042826
0.0210476
0.00696788
0.0268043
0.0578768
0.0555186
0.00974221
-0.0310404
-0.0200124
0.0209782
0.0284689
-0.00953935
-0.0267402
0.017441
0.0721645
0.0709854
0.0135569
-0.044912
-0.0499058
-0.000106645
0.0374855
0.0125859
-0.0273644
-0.0168913
0.0250704
0.0278447
-0.0190414
-0.0415828
-0.000245361
0.0517732
0.0602349
0.0327691
0.0057888
0.00225153
0.0170248
0.0191056
-0.00378263
-0.0177236
-0.000869585
0.0202846
0.013765
-0.0137008
-0.0247981
0.000864369
0.0393581
0.0424099
0.00502586
-0.0194576
-0.00412942
0.0173716
0.00585815
-0.0258385
-0.0257692
0.0168167
0.0546863
0.0417857
-0.0148106
-0.0556625
-0.0368665
0.0236832
0.0589865
0.0255559
-0.0208447
-0.0078054
0.0336708
0.0304803
-0.0100249
-0.0200124
0.0163312
0.0419937
0.0141811
-0.0333292
-0.0424845
-0.0159203
0.00759211
0.00995028
-0.00766668
-0.0200818
0.0032919
0.04456
0.0478198
0.00467907
-0.0232723
0.00537265
0.0498312
0.0435196
-0.00905384
-0.0376294
-0.010441
0.0322142
0.0363757
-0.00662631
-0.0456749
-0.0288209
0.0263188
0.0433809
-0.00940063
-0.05809
-0.0321501
0.0256252
0.0272205
-0.0281273
-0.0634306
-0.0386698
0.0150134
0.0354741
-0.00641824
-0.0469927
-0.0117588
0.0552411
0.0528136
-0.0121056
-0.0417909
-0.00815219
0.0283995
0.0208395
-0.0193882
-0.0440797
-0.0223706
0.0216025
0.0317287
-0.00940063
-0.0479638
-0.0343696
0.0087712
0.0271511
0.00988093
-0.0091232
-0.00343584
0.0209782
0.0299948
0.00384677
-0.0198044
0.00232089
0.0461552
0.0429648
-0.0193188
-0.0639855
-0.0388778
0.0186894
0.0419244
0.00481778
-0.0479638
-0.0494896
-0.00211803
0.0204234
-0.0172381
-0.0552464
-0.0303468
0.0311045
0.0476117
-0.00107766
-0.0381149
-0.016059
0.0178571
0.012794
-0.0194576
-0.0292371
0.00655174
0.0478198
0.0380403
-0.0157816
-0.0450507
-0.0118975
0.0432422
0.0563509
0.0168167
-0.0234803
-0.0173075
0.0211863
0.0313126
-0.0106491
-0.0467153
-0.0200124
0.0401904
0.0513571
-0.0150186
-0.0819492
-0.059824
0.0272205
0.0643964
0.0108519
-0.0385311
-0.00475364
0.0632173
0.0679337
0.00301447
-0.0397795
-0.00662631
0.0509409
0.0535765
-0.0105104
-0.0693261
-0.0493509
0.0260414
0.048444
-0.020706
-0.0818799
-0.0586449
0.000240146
0.017649
-0.00773604
-0.0136315
0.029648
0.0784761
0.0729275
0.00967285
-0.0419296
-0.0288209
0.0171635
0.0338095
0.0117536
-0.00295033
0.0164699
0.0410921
0.0243768
-0.0338841
-0.0675227
-0.027295
0.040884
0.053854
0.00932606
-0.0208447
-0.00738925
0.0143198
0.0124472
-0.0146719
-0.0425538
-0.0368665
0.00537265
0.0305496
-0.00426813
-0.05053
-0.0352712
0.0238913
0.0444906
0.00551136
-0.0252143
-0.0078054
0.0199379
0.0105051
-0.032705
-0.0517091
-0.00621016
0.063356
0.0829844
0.0399824
-0.00357455
0.00107244
0.0363064
0.0494844
0.0204927
-0.00773604
0.00315319
0.0287463
0.0218799
-0.0184866
-0.0453975
-0.0276418
0.013002
0.0252784
-0.00967807
-0.043178
-0.0234803
0.0270124
0.0406066
0.00426292
-0.0189721
0.0123085
0.0580155
0.0505941
-0.0112039
-0.0539286
-0.0328437
0.0180652
0.0373467
0.00169667
-0.0413054
-0.0261159
0.0371387
0.067795
0.0320755
-0.00773604
0.00613559
0.0473343
0.0479585
0.00336126
-0.0184172
0.00599687
0.0257639
-0.000176003
-0.0537205
-0.0740424
-0.0308323
0.0308271
0.0403985
-0.0119669
-0.0535124
-0.0286822
0.0245848
0.0369306
0.00336126
-0.0173075
0.0121697
0.0556573
0.0471956
-0.0103716
-0.0376294
-0.00378263
0.0337401
0.0268043
-0.00808283
-0.0207754
0.0092567
0.0464327
0.0390807
-0.00891513
-0.0304855
0.00669045
0.0510797
0.0403985
-0.0155042
-0.0483105
-0.0244513
0.0210476
0.035266
0.00641302
-0.0236884
-0.0117588
0.0280528
0.033324
-0.0220238
-0.075707
-0.0581594
0.015707
0.0607204
0.0320755
-0.0078054
0.00266768
0.027914
0.00509521
-0.0569803
-0.0868737
-0.0416522
0.0338788
0.05212
0.000864369
-0.0338147
0.000378862
0.053854
0.0517039
-0.00787476
-0.0438716
-0.0069731
0.0442132
0.0360983
-0.0145331
-0.0426925
-0.0222319
0.0218799
0.0402598
0.0159844
-0.011412
-0.00988614
0.0105745
0.0198685
0.00447099
-0.00898449
0.00620494
0.033324
0.0322836
-0.00572465
-0.0306936
0.00301447
0.063148
0.0781987
0.0320062
-0.0162671
-0.0132847
0.0213944
0.0238219
-0.0239658
-0.0629451
-0.0460911
-0.00211803
0.0140424
-0.00357455
-0.0132847
0.0118923
0.0449761
0.0333933
-0.0218157
-0.0555238
-0.0306242
0.0284689
0.0675175
0.0476117
-0.000592152
-0.00974743
0.0280528
0.0461552
0.00232089
-0.0436636
-0.01703
0.049207
0.0529523
-0.0248675
-0.0865962
-0.0601014
0.0109213
0.0385952
0.00176602
-0.0356874
-0.018764
0.0294399
0.0436583
0.00336126
-0.0371439
-0.0241046
0.0257639
0.0444213
0.00356934
-0.0343002
-0.00849898
0.0485828
0.0574606
0.00266768
-0.0332598
0.00863248
0.0669627
0.055796
-0.00870705
-0.0414441
-0.00773604
0.0442826
0.0474037
-0.00225675
-0.0341615
-0.00523915
0.0422712
0.0460165
0.00398548
-0.0305549
-0.0260466
0.00356934
0.0275672
0.0204927
-0.00343584
-0.000730868
0.0330465
0.0480279
0.0185507
-0.00801347
0.0107132
0.0459472
0.0458084
0.00592751
-0.0254917
-0.0134928
0.0170248
0.0134875
-0.0306242
-0.0585756
-0.0274337
0.0317981
0.0489296
0.00842441
-0.0276418
-0.011412
0.0310352
0.0377629
-0.0056553
-0.0355487
-0.00711182
0.0367919
0.0354047
-0.00232611
-0.012175
0.0297174
0.071679
0.0537153
-0.00988614
-0.044912
-0.0162671
0.0374855
0.056767
0.0254171
-0.00745861
0.00648238
0.043589
0.041855
-0.00551658
-0.0395714
-0.0265321
0.00322255
0.00162731
-0.0358261
-0.0555932
-0.0206367
0.0336708
0.0412308
-0.00752797
-0.040265
-0.00718117
0.0413002
0.0358209
-0.0117588
-0.0386698
-0.0179317
0.0265269
0.0401904
-0.00683438
-0.052264
-0.0211222
0.0468488
0.0517039
-0.0145331
-0.0577433
-0.018764
0.0557267
0.0769502
0.0192443
-0.0438716
-0.036589
0.0222267
0.0523975
0.0182039
-0.0264627
-0.0166139
0.0329078
0.0492763
0.00828569
-0.0324275
-0.0284048
-0.00121638
0.0102971
-0.0018406
-0.00898449
0.0126553
0.0425486
0.0319368
-0.0220932
-0.0442184
0.0105745
0.0735517
0.0653674
0.0160538
-0.00190996
0.0164006
0.0356822
0.0268043
-0.0132847
-0.0379068
-0.0140476
0.0197991
0.0109907
-0.0320807
-0.0483799
-0.00641824
0.0532298
0.0629399
0.0111294
-0.0361729
-0.0245207
0.0248623
0.0474037
0.00981157
-0.0367277
-0.022648
0.0312432
0.0440745
-0.00385198
-0.0442878
-0.0181398
0.0467101
0.0712629
0.0304109
-0.0126605
0.00155795
0.0496925
0.056767
0.000170787
-0.0488654
-0.0284048
0.0289544
0.0419244
-0.0130073
-0.0632919
-0.0419296
0.0205621
0.0469182
0.0140424
-0.0258385
-0.0204286
0.0148054
0.0164699
-0.0268789
-0.041236
0.00849376
0.0506635
0.0239606
-0.0295145
-0.0386004
-0.00260354
0.0374855
0.0446987
0.00336126
-0.0455362
-0.0407505
0.010089
0.037
0.00988093
-0.0156429
0.00669045
0.0393581
0.0217412
-0.0333292
-0.0516397
-0.00669567
0.0458778
0.0468488
0.00287575
-0.0266015
-0.00842962
0.0284689
0.0365144
0.00773082
-0.018764
-0.00988614
0.0173022
0.0165393
-0.0179317
-0.0370745
-0.0127298
0.0272898
0.0344337
-0.000522794
-0.0244513
-0.000730868
0.0349192
0.0324917
-0.00288097
-0.0212609
0.00398548
0.0507329
0.0707774
0.0398436
-0.00190996
0.000517578
0.0372774
0.0401904
-0.0143251
-0.0590611
-0.0344389
0.0259027
0.0384565
-0.0147412
-0.0564948
-0.0339534
0.0156377
0.0284689
-0.0121056
-0.0537898
-0.042207
0.00648238
0.0319368
0.00613559
-0.0352712
-0.0415134
-0.0158509
-0.010441
-0.041236
-0.0570497
-0.0263934
0.017649
0.0236832
-0.0174462
-0.0510849
-0.0304161
0.0116149
0.0109907
-0.0352712
-0.0684244
-0.0512236
-0.00988614
0.00259832
-0.0362422
-0.0845155
-0.0795911
-0.02244
0.0148054
-0.0129379
-0.0623209
-0.0677308
-0.0269482
-0.00412942
-0.0419296
-0.0875672
-0.0674534
-0.000938943
0.0256946
-0.0159203
-0.0576739
-0.0397795
0.0071066
0.0121697
-0.0333985
-0.0650259
-0.0435248
-0.00676503
-0.00822155
-0.0408199
-0.045883
-0.0142557
-0.00232611
-0.0195269
-0.0220238
-0.0111346
-0.0101636
-0.00489236
0.00863248
-3.72869e-05
-0.0276418
-0.0287516
0.00169667
0.0250704
0.0266656
0.0146666
-0.00607144
-0.0213302
-0.0166832
0.00190474
0.0168167
0.0214637
0.0247236
0.0322142
0.0319368
0.0143892
-0.00447621
-0.00655695
0.00377741
0.0157764
0.0225041
0.0170942
0.0057888
0.00669045
0.0243768
0.0376242
0.0256252
0.00162731
-0.00905384
-0.00718117
-0.00308904
3.20712e-05
-0.00412942
-0.0145331
-0.0163364
-0.00295033
0.0162619
0.0298561
0.0308964
0.016678
-0.00371327
-0.012175
-0.00641824
-0.00107766
0.00440163
0.0218105
0.0437277
0.045531
0.0162619
-0.0147412
-0.00836026
0.0206314
0.0331853
0.0241687
0.00141923
-0.0218157
-0.014117
0.0207702
0.0351273
0.022296
0.0164006
0.0155683
-0.000453436
-0.0175155
-0.0168913
-0.011412
-0.0156429
-0.0186946
-0.0134928
-0.0078054
0.00523393
0.0299254
0.0383178
0.0150134
-0.0100249
-0.00919256
0.00696788
0.0162619
0.0173022
0.0220186
0.0315207
0.0374855
0.032353
0.0175797
0.0128633
0.026943
0.0332546
0.017441
0.00530329
0.0107826
0.0131408
0.00155795
-0.0115507
-0.0125218
0.0028064
0.0208395
0.0201459
-0.00114702
-0.0219545
-0.0214689
-0.00378263
0.0114762
0.0152215
0.010089
-0.000106645
-0.0114814
-0.0184172
-0.0165445
-0.0134234
-0.0161977
-0.0106491
0.0118923
0.0284689
0.0220186
0.0124472
0.019383
0.0280528
0.0192443
0.00349998
-0.000592152
0.00336126
0.0071066
0.0171635
0.0304109
0.0331853
0.030619
0.0291625
0.0193136
0.00606623
0.00662109
0.0141118
0.0108519
0.00315319
0.00592751
0.0131408
0.00821633
-0.00406006
-0.00364391
0.010089
0.0179265
0.0116842
0.00467907
0.0135569
0.0318675
0.0331853
0.0114068
-0.00426813
0.0117536
0.0431035
0.0544782
0.0381097
0.0118923
-0.00842962
-0.0135621
-0.00412942
0.00301447
-0.000176003
-0.000869585
0.00828569
0.0218799
0.034295
0.0394275
0.0322836
0.0136263
-0.00621016
-0.0107878
-0.00295033
-0.000869585
-0.00406006
-0.00274225
-0.00218739
-0.00537786
-0.00204867
0.0101584
0.0236832
0.033324
0.0331853
0.0165393
-0.00676503
-0.0103716
0.00669045
0.0100196
-0.0111346
-0.0270176
-0.0190414
0.00356934
0.0229896
0.0190362
-0.00406006
-0.0118282
-0.000453436
-0.00364391
-0.0169607
-0.0039907
0.026943
0.0384565
0.0300641
0.0216718
0.0142505
0.0105051
0.0150828
0.0112681
-0.00288097
-0.00385198
0.00183538
-0.00759732
-0.0123137
0.0101584
0.030619
0.022296
0.0105745
0.015707
0.0149441
-0.00669567
-0.0307629
-0.0410973
-0.032705
-0.00447621
0.0249316
0.0332546
0.0244461
0.0105745
-0.000730868
0.00218217
0.0169555
0.0175103
-0.00336648
-0.013146
0.00842441
0.0311045
0.0221573
-0.00752797
-0.0293758
-0.0277805
-0.00773604
0.00759211
0.00613559
0.00148859
0.00308383
0.00107244
-0.0082909
-0.00919256
0.00800826
0.0210476
0.00606623
-0.0212609
-0.0318033
-0.0207754
0.00162731
0.0244461
0.037208
0.0360289
0.0265962
0.0216025
0.026735
0.0329772
0.03159
0.0222267
0.00842441
-0.000730868
-0.00510043
-0.0143251
-0.0228561
-0.0209834
-0.012175
-0.00135509
0.00107244
-0.0107184
-0.0141863
0.0062743
0.0265269
0.0251397
0.00967285
-0.00551658
-0.00281161
0.0209089
0.0276366
-0.00385198
-0.0353406
-0.0332598
-0.0129379
-0.000730868
-0.00128573
-0.00426813
-0.00218739
0.00225153
0.00315319
0.00426292
0.0150134
0.0260414
0.0173022
-0.000314719
0.00100309
0.0125859
0.0105051
-3.72869e-05
-0.0069731
-0.0112733
-0.0119669
-0.00891513
-0.00641824
0.000517578
0.0139731
0.0181345
0.00287575
-0.0178623
-0.0261159
-0.0132153
0.0162619
0.0358209
0.0237526
0.000309504
-0.00475364
0.00551136
0.0127246
0.0109907
0.00648238
0.0079389
0.0121004
0.00662109
-0.00218739
0.00537265
0.0239606
0.027706
0.0136263
0.00502586
0.00904863
0.00759211
-0.00142445
-0.00246482
0.00821633
0.0251397
0.036237
0.0322142
0.0234058
0.0169555
0.0104358
0.0194523
0.0473343
0.0606511
0.0470569
0.0340869
0.0357515
0.0409534
0.0365838
