0.035266
0.0302722
0.0175797
0.0122391
0.0167474
0.0226428
0.0213944
0.011823
-0.00773604
-0.0294451
-0.0252143
0.00897927
0.0304803
0.016678
-0.000245361
0.00599687
0.0190362
0.0150134
-0.0082909
-0.0258385
-0.0140476
0.00460971
0.00141923
-0.00468428
0.00343062
0.00648238
-0.00572465
-0.0191108
-0.0225093
-0.0167526
-0.011412
-0.013354
-0.0151574
-0.0107878
-0.0134234
-0.0333985
-0.0524027
-0.0453281
-0.017793
0.00447099
0.0100196
0.00981157
0.0171635
0.0234058
0.00474842
-0.0342308
-0.0538592
-0.035618
-0.00745861
3.20712e-05
-0.00627952
3.20712e-05
0.0181345
0.0169555
-0.0113427
-0.0343002
-0.0273644
-0.00593273
0.00592751
0.011823
0.0218799
0.025972
0.0169555
0.00856312
0.00814697
0.00558072
0.000378862
0.00648238
0.0195217
0.0173716
-0.00066151
-0.0130766
-0.0107184
-0.000938943
0.0124472
0.0300641
0.0413695
0.0320062
0.0102971
-0.00232611
-0.00454557
-0.00919256
-0.0125911
-0.00253418
0.0131408
0.0159844
0.00467907
-0.00163252
0.0124472
0.0293706
0.0216025
-0.000522794
-0.00766668
-0.00066151
0.00356934
0.00391613
0.00398548
-0.00197931
-0.01703
-0.0297919
-0.0249369
-0.000730868
0.0239606
0.0236138
0.000378862
-0.0137702
-0.00468428
0.00613559
0.00294511
-0.000938943
0.00620494
0.016678
0.0231977
0.02403
0.0140424
-0.00301969
-0.0117588
-0.0031584
0.0125165
0.0202846
0.0145279
-0.00558594
-0.0325663
-0.0467847
-0.0359648
-0.0107878
0.00571944
0.00266768
-0.00600209
-0.00128573
0.010089
0.0119617
0.0145279
0.0234058
0.014736
-0.0137702
-0.0279886
-0.0183478
-0.00725053
0.00107244
0.0179265
0.0254171
0.00107244
-0.0238271
-0.00822155
0.0233364
0.0261801
0.00786954
-0.00177124
0.00148859
0.00356934
-0.00669567
-0.0186253
-0.00718117
0.0226428
0.0358902
0.0223654
0.00669045
0.00502586
0.00655174
-0.000522794
-0.00808283
-0.00232611
0.0124472
0.0109213
-0.0143944
-0.0339534
-0.0286128
-0.00794411
0.0154989
0.0221573
0.000170787
-0.0220238
-0.0153654
0.00613559
0.0173716
0.0123778
-0.00128573
-0.00884577
-0.00676503
-0.00752797
-0.0118282
-0.00759732
0.00336126
0.00655174
-0.00204867
-0.00898449
-0.00336648
0.00454035
-0.00135509
-0.0146719
-0.0155042
-0.00204867
0.0102971
0.0132101
0.00634366
-0.0106491
-0.0227174
-0.0120362
0.00814697
0.0138343
0.0100196
0.0133488
0.0197298
0.0179265
0.00696788
-0.00794411
-0.0164752
-0.0139783
-0.00981678
-0.00468428
0.00786954
0.0179265
0.0197991
0.0200766
0.00904863
-0.0152961
-0.0240352
-0.00898449
0.00232089
-0.00066151
-0.00905384
-0.0190414
-0.0179317
0.00190474
0.0154989
0.00738403
-0.00232611
-0.00260354
-0.000938943
0.00183538
0.00544201
0.000378862
-0.01703
-0.0265321
-0.00752797
0.0215331
0.0275672
0.0107132
-0.00426813
-0.00919256
-0.0163364
-0.0228561
-0.0125911
0.00606623
0.0106439
0.00530329
0.00551136
0.00759211
0.00995028
0.0191056
0.0229896
0.00551136
-0.015088
-0.0125218
0.000517578
-0.00163252
-0.00849898
-0.00433749
-0.00232611
-0.00773604
-0.00489236
0.000864369
-0.00891513
-0.0220932
-0.0139089
0.0102971
0.0233364
0.0123778
-0.00551658
-0.00177124
0.0212557
0.0272205
0.00731468
-0.00419877
0.00502586
0.0136263
0.0135569
0.0133488
0.012794
0.00648238
-0.00107766
-0.00128573
0.00474842
0.0107826
0.0175103
0.0245848
0.0283995
0.0290931
0.0233364
0.00655174
-0.0100942
-0.00891513
0.00634366
0.0158457
0.0128633
0.00190474
-0.0121056
-0.0178623
-0.00940063
0.00190474
0.00620494
0.00648238
0.00447099
-0.00121638
-0.00281161
0.00890991
0.0231283
0.0195911
0.000725653
-0.0127298
-0.0127298
-0.00940063
-0.0125218
-0.0175155
-0.0129379
-0.000592152
0.00565008
0.00537265
0.00807761
0.00828569
0.0011418
0.000864369
0.0105745
0.0118923
-0.000314719
-0.012175
-0.0174462
-0.0208447
-0.0161977
0.00169667
0.014736
0.0105745
0.0032919
0.00481778
0.00780018
0.00190474
-0.00669567
-0.00898449
-0.0100249
-0.00711182
0.00752275
0.0172329
0.00460971
-0.0142557
-0.0151574
-0.000384078
0.0127246
0.0140424
0.00551136
0.00148859
0.00995028
0.0179265
0.0157764
0.00759211
-0.00329712
-0.0137008
-0.0173768
-0.0086377
0.00967285
0.0207008
0.0139731
0.00134988
-0.0018406
0.00398548
0.00807761
0.00349998
-0.00752797
-0.0140476
-0.00974743
-0.00946999
-0.0183478
-0.00933128
0.0171635
0.0207702
-0.00246482
-0.0156429
-0.0123137
-0.0138396
-0.0193882
-0.0114814
0.00655174
0.0107132
-0.00621016
-0.0208447
-0.00919256
0.0212557
0.0380403
0.0261107
0.00967285
0.0124472
0.0215331
0.0171635
0.00183538
-0.014117
-0.016822
0.00169667
0.0201459
0.0173716
0.00884055
0.00703724
-0.00419877
-0.0161284
0.00384677
0.0363064
0.0365838
0.0153602
0.00245961
-0.00426813
-0.00849898
-0.0091232
-0.0181398
-0.0382536
-0.0472008
-0.0287516
0.000795011
0.0171635
0.0219492
0.0270817
0.0274979
0.0155683
-0.00211803
-0.0116201
-0.00523915
0.00544201
0.00218217
-0.0127298
-0.0236884
-0.0241739
-0.0181398
-0.0107878
-0.00579401
0.000101429
0.0116842
0.017441
0.00655174
-0.000938943
0.0153602
0.0353354
0.0273592
-0.00135509
-0.0195269
-0.0198044
-0.0152267
-0.00836026
0.000309504
0.00266768
0.00440163
0.015707
0.0186201
-0.00260354
-0.0209834
-0.010441
0.00717596
0.00675981
0.000170787
0.00349998
0.00745339
0.00107244
-0.00406006
0.00585815
0.0202846
0.0227815
0.0182039
0.0170942
0.0175103
0.0152909
0.0116842
0.00696788
0.00225153
0.00183538
0.000933727
-0.0078054
-0.0194576
-0.0281967
-0.0328437
-0.0351325
-0.0360342
-0.0252143
-0.00725053
-0.00974743
-0.0318727
-0.03756
-0.012175
0.0146666
0.0122391
-0.00676503
-0.0103023
0.00301447
0.00599687
-0.00933128
-0.0191801
-0.00988614
0.00502586
0.0140424
0.0158457
0.00835505
-0.00301969
-0.00447621
0.00349998
0.000586936
-0.022648
-0.0421377
-0.033676
-0.0117588
-0.000384078
0.00384677
0.00890991
0.00835505
0.00592751
0.0111294
0.0141118
0.0127246
0.0226428
0.035266
0.026943
-0.00676503
-0.0485186
-0.0628758
-0.0348551
0.000864369
0.0125165
0.00405484
-0.0139783
-0.0245207
-0.00815219
0.0162619
0.0154296
0.00232089
0.00447099
0.00696788
-0.00634888
-0.0145331
-0.00745861
-0.000384078
0.00828569
0.0241687
0.0285383
0.0109907
-0.00766668
-0.0116895
-0.00836026
-0.00572465
-0.00738925
-0.0185559
-0.032705
-0.0287516
0.000656294
0.0293012
0.0288851
0.00842441
-0.00128573
0.00509521
0.00322255
-0.0165445
-0.0320807
-0.0277805
-0.0125911
0.00419356
0.0161232
0.0141811
0.00592751
0.0114762
0.0248623
0.022088
0.00655174
0.000864369
0.00918734
0.0204234
0.0249316
0.0154296
-0.00336648
-0.0129379
-0.0099555
-0.00884577
-0.00551658
0.0129327
0.0295786
0.0222267
0.00433228
-0.000800226
0.00467907
0.00946478
0.0115455
0.00523393
-0.00884577
-0.004823
0.0238913
0.0365144
0.0146666
-0.00412942
0.00599687
0.0208395
0.0136956
-0.00190996
-0.00107766
0.00807761
0.00204346
-0.015088
-0.0220238
-0.0152267
-0.00406006
0.00356934
-0.00114702
-0.010441
-0.00190996
0.0168861
0.0143198
0.000656294
0.00904863
0.0254865
0.0195911
0.0041242
0.00148859
0.00696788
0.0111987
0.0109907
3.20712e-05
-0.0169607
-0.02244
-0.0146719
-0.00648759
0.00363869
0.0231283
0.0420631
0.0420631
0.0156377
-0.0213302
-0.0370745
-0.0238271
-0.0069731
-0.00253418
-0.00447621
-0.00940063
-0.0150186
-0.0132847
-0.00385198
0.012794
0.0367919
0.0489989
0.0257639
-0.0239658
-0.0574658
-0.041236
0.00703724
0.0311045
0.00148859
-0.0426232
-0.0481718
-0.0234803
-0.00683438
-0.00426813
-0.00662631
-0.00745861
0.00558072
0.0304803
0.0407453
0.0242381
0.00537265
0.00835505
0.021325
0.0197298
0.0100196
0.0143892
0.0244461
0.0151521
-0.00274225
0.00384677
0.0290238
0.040884
0.0292318
0.00259832
-0.0190414
-0.00974743
0.0210476
0.0320755
0.0143892
-0.00066151
0.00218217
0.0114762
0.021325
0.0282608
0.0233364
0.0115455
0.00724532
0.00752275
0.00100309
-0.00634888
-0.00558594
0.00259832
0.015707
0.0214637
0.00662109
-0.0122443
-0.0116201
-0.000176003
0.00426292
0.00467907
0.00488714
-0.00239546
-0.0115507
-0.00669567
0.0071066
0.0134182
0.0155683
0.0231283
0.0275672
0.0188975
0.0087712
0.01106
0.0131408
0.00370805
-0.00475364
-0.0127992
-0.0315952
-0.0417909
-0.0250756
-0.00496171
-0.00204867
0.000101429
0.0123778
0.0207008
0.0217412
0.0216025
0.0143198
0.000725653
-0.00419877
0.0019741
0.0114068
0.0202846
0.022296
0.00939542
-0.00718117
0.00121116
0.033324
0.0475424
0.0268737
0.00273704
-3.72869e-05
0.00724532
0.0106439
0.013002
0.0153602
0.0132795
0.00932606
0.00558072
-0.00281161
-0.0124524
-0.00801347
0.0109213
0.0236832
0.0241687
0.0276366
0.0369306
0.0360983
0.0220186
0.00655174
-0.00856834
-0.0266015
-0.0333985
-0.0173075
0.00148859
-0.000384078
-0.0113427
-0.0138396
-0.015088
-0.0162671
0.000586936
0.0258333
0.02403
0.00252896
0.00315319
0.0234751
0.0294399
0.0215331
0.018412
0.0141118
0.000656294
-0.012383
-0.0191108
-0.022648
-0.0189027
-0.00253418
0.0155683
0.0198685
0.0132101
0.00662109
0.00162731
0.000309504
0.00731468
0.0140424
0.00897927
0.00245961
0.0100196
0.025001
0.0313126
0.025972
0.0202153
0.0238219
0.0277753
0.0136263
-0.0107184
-0.0152961
0.00190474
0.00786954
-0.0106491
-0.027087
-0.0254917
-0.0289596
-0.0460217
-0.0432474
-0.0086377
0.0170942
0.00745339
-0.00725053
-0.000314719
0.00599687
-0.00683438
-0.0181398
-0.0184172
-0.018764
-0.0108572
0.00890991
0.0167474
0.00648238
-0.00336648
-0.00773604
-0.0125218
-0.016059
-0.00537786
0.0195217
0.0320062
0.0177878
-0.00343584
-0.0114814
-0.00336648
0.00828569
0.000378862
-0.0227868
-0.0211222
0.0123778
0.0277753
-0.000522794
-0.0306242
-0.0200124
0.0143198
0.0289544
0.0143892
-0.00350519
-0.00662631
-0.000384078
0.00558072
0.00509521
-0.00295033
-0.00974743
-0.00621016
0.0049565
0.0144586
0.0201459
0.0207702
0.00447099
-0.0217464
-0.0268789
-0.0119669
-0.00503107
-0.00350519
0.00502586
0.00398548
-0.0120362
-0.0140476
0.00724532
0.0195217
0.00953414
0.00370805
0.00904863
0.00946478
0.0105051
0.0209089
0.0248623
0.0131408
0.00454035
0.012031
0.0191749
0.0117536
0.00502586
0.00641302
-0.00766668
-0.039294
-0.046646
-0.0172381
0.00988093
0.0156377
0.0152215
0.00967285
-0.00204867
-0.000869585
0.0180652
0.0340176
0.0367919
0.0305496
0.0202846
0.0194523
0.0299948
0.0268043
0.00585815
-0.000869585
0.0122391
0.0145973
-0.00114702
-0.0115507
-0.00295033
0.0130714
0.0177184
0.00773082
-0.00364391
-0.00211803
0.0148054
0.0259027
0.00634366
-0.0200124
-0.00621016
0.0284689
0.028677
0.00447099
-0.00170188
0.00731468
0.0143892
0.0207008
0.0243768
0.0248623
0.0297174
0.0334627
0.0226428
0.00516457
0.00287575
0.0109907
0.00606623
-0.00641824
-0.00246482
0.0114762
0.0115455
-0.00190996
-0.011412
-0.0122443
-0.00759732
0.00447099
0.0194523
0.022296
0.0104358
0.00121116
0.00565008
0.0136956
0.0100196
-0.00461492
-0.0125911
-0.000106645
0.0200766
0.0265269
0.0183426
0.00842441
0.00738403
0.0125859
0.00842441
-0.00815219
-0.0156429
0.000586936
0.0211169
0.015707
-0.00940063
-0.0220238
-0.00627952
0.0281915
0.0481666
0.0270124
-0.00794411
-0.0123137
0.00537265
0.0128633
0.0057888
-0.00822155
-0.0213996
-0.0169607
0.00606623
0.0216718
0.0134182
-0.00537786
-0.0125218
-0.00364391
0.00467907
-0.00066151
-0.00877641
-0.00392134
0.00405484
-0.00274225
-0.012175
-0.00607144
0.00141923
-0.004823
-0.00773604
0.0113374
0.0366532
0.0345724
0.00481778
-0.0132847
0.0011418
0.0251397
0.0304109
0.0135569
-0.00738925
-0.0110652
0.00370805
0.0159151
0.0116149
0.00183538
0.00703724
0.0229203
0.0222267
0.00780018
0.00571944
0.00953414
0.00530329
0.00682917
0.0161925
0.0152909
0.0019741
-0.00738925
-0.00211803
0.00682917
0.00592751
0.00419356
0.0131408
0.0204927
0.0116842
-0.0026729
-0.0112733
-0.0219545
-0.0284741
-0.0114814
0.0146666
0.0186894
0.00426292
0.000240146
0.0162619
0.0359596
0.0399824
0.0220186
-0.00461492
-0.0152267
-0.00218739
0.0165393
0.0229203
0.0113374
-0.00773604
-0.0018406
0.0388033
0.0647432
0.0398436
-0.00641824
-0.0367971
-0.0433861
-0.0279886
-0.0026729
0.00773082
-0.00149381
-0.00745861
0.00107244
0.010089
0.00835505
0.00211282
0.00343062
0.0108519
0.00981157
-0.000938943
-0.00815219
-0.0105797
-0.0143944
-0.0149493
-0.00648759
0.00780018
0.0219492
0.0256946
0.015707
0.00766147
0.0116149
0.0164006
0.0179265
0.0227122
0.0231977
0.00939542
-0.00114702
0.0134875
0.0345031
0.025001
-0.00634888
-0.0158509
0.00301447
0.015707
0.00558072
-0.00967807
-0.0106491
-0.0026729
-0.00274225
-0.00759732
0.0019741
0.0229896
0.0322142
0.0217412
0.00266768
-0.0103716
-0.00489236
0.0141811
0.0227122
0.0119617
0.00287575
0.00703724
0.0092567
0.00301447
-0.00197931
-0.00600209
-0.0156429
-0.0244513
-0.0209834
-0.00516979
0.0118923
0.013765
-0.00412942
-0.0202205
-0.00953935
0.0183426
0.0297867
0.0155683
-0.00177124
-0.00218739
0.0128633
0.025972
0.0263882
0.0236832
0.027706
0.0255559
0.00433228
-0.0159203
-0.0164058
-0.0124524
-0.0105104
0.00322255
0.0195911
0.0201459
0.00322255
-0.0275725
-0.0487267
-0.0272257
0.0168167
0.0356822
0.0293706
0.0170248
0.000517578
-0.00239546
0.0191749
0.0308964
0.010089
-0.0121056
-0.00718117
0.00821633
0.00932606
0.000378862
-0.00308904
0.000656294
0.00405484
0.000517578
-0.00738925
-0.0121056
-0.013354
-0.00898449
0.00786954
0.0290931
0.0366532
0.025972
0.00613559
-0.00891513
-0.00794411
0.00474842
0.012794
0.0104358
0.00474842
-0.00190996
-0.0099555
-0.0114814
-0.00343584
0.00460971
0.00766147
0.00703724
0.0057888
0.0124472
0.0244461
0.0236138
0.0121697
0.00988093
0.00849376
-0.00544722
-0.0135621
-0.0061408
-0.00253418
-0.0056553
0.000795011
0.012031
0.00835505
-0.00385198
-0.0053085
-0.00135509
-0.00239546
-0.000869585
0.00460971
0.00204346
-0.00856834
-0.010441
0.00239025
0.0125859
0.00460971
-0.0166832
-0.0324969
-0.0238271
0.00523393
0.0213944
0.00807761
-0.0099555
-0.0118282
-0.00794411
-0.00704246
0.00121116
0.0154296
0.0122391
-0.0153654
-0.0382536
-0.0291677
0.00218217
0.0251397
0.0225041
-0.000730868
-0.0205673
-0.0119669
0.0154989
0.026943
0.0153602
0.000586936
-0.0137008
-0.0288903
-0.0267402
-0.00142445
0.0164006
0.00315319
-0.0154348
-0.00607144
0.0138343
0.00828569
-0.0132153
-0.0185559
-0.00461492
0.013765
0.0211169
0.00613559
-0.0141863
-0.0116895
0.00391613
0.00287575
-0.00891513
-0.00343584
0.0139731
0.0153602
0.00363869
0.000240146
0.00592751
0.00842441
0.00183538
-0.00801347
-0.00967807
-0.000938943
0.0114762
0.0221573
0.023059
0.0092567
-0.00475364
-0.000453436
0.016678
0.0245848
0.0114068
-0.0116895
-0.0210528
-0.0105797
0.00433228
0.0150134
0.0182039
0.00634366
-0.0122443
-0.0169607
-0.0053085
0.0114762
0.0258333
0.0301335
0.0205621
0.00141923
-0.0141863
-0.00960871
0.00551136
0.00669045
0.00696788
0.0274979
0.0383871
0.012031
-0.0157816
-0.00946999
0.00655174
0.00336126
-0.00586337
-0.00433749
0.0019741
0.00405484
0.000517578
-0.00718117
-0.0134234
-0.010441
0.00315319
0.0177878
0.0194523
0.0107826
0.00981157
0.0152909
0.00828569
-0.00523915
-0.00260354
0.00502586
-0.00551658
-0.0148106
0.0019741
0.0189668
0.00766147
-0.0091232
-0.00489236
0.00682917
0.00682917
-0.00607144
-0.0210528
-0.0183478
-0.00211803
-0.00371327
-0.0184866
-0.0111346
0.0143198
0.0224347
0.00724532
-0.00406006
0.00377741
0.0165393
0.0184813
0.0129327
0.00558072
-0.0039907
-0.00856834
-0.00156317
0.00759211
0.0113374
0.0127246
0.00669045
-0.00884577
-0.0149493
0.0011418
0.0173022
0.0104358
-0.00295033
0.00239025
0.0182733
0.0258333
0.022088
0.0113374
0.0032919
0.00897927
0.0229203
0.0171635
-0.0177236
-0.0433168
-0.0279886
0.00454035
0.0155683
0.000586936
-0.0140476
-0.00537786
0.0186201
0.0304803
0.0170248
-0.00586337
-0.0166832
-0.0179317
-0.0152267
-0.00066151
0.0181345
0.0223654
0.0162619
0.0152215
0.019383
0.0225735
0.0247929
0.023267
0.0139731
0.00558072
0.00516457
-0.00406006
-0.0263934
-0.0237578
0.0149441
0.0403985
0.0302722
0.0163312
0.00724532
-0.0146025
-0.0330518
-0.0229255
-0.0018406
0.00391613
0.00266768
0.00308383
-0.0118975
-0.0422764
-0.0540673
-0.0302081
0.0092567
0.0333933
0.0253478
0.0019741
-0.00662631
-0.00232611
-0.00128573
0.0041242
0.0190362
0.027914
0.0256946
0.0202153
0.0135569
0.00613559
0.00294511
0.00447099
0.00592751
0.00370805
-0.00371327
-0.0120362
-0.00898449
0.00606623
0.0156377
0.0144586
0.0133488
0.00759211
-0.0109265
-0.0189027
0.0019741
0.0195217
0.00447099
-0.0181398
-0.0184866
-0.00877641
-0.00572465
0.00398548
0.023267
0.0272898
0.00932606
-0.0136315
-0.0313872
-0.0308323
-0.00752797
0.0109907
0.00155795
-0.0239658
-0.0386698
-0.0259772
0.0019741
0.0173716
0.0145973
0.00682917
0.00148859
0.00266768
0.0159151
0.0339482
0.0391501
0.0247929
0.00696788
0.0049565
0.0131408
0.0159151
0.0170942
0.0245155
0.026943
0.0170248
0.00960349
0.011823
0.00773082
-0.00725053
-0.00836026
0.014736
0.0315207
0.018412
-0.00260354
-0.00870705
-0.00870705
-0.0108572
-0.00731989
0.00336126
0.00953414
-0.000453436
-0.0206367
-0.0250756
-0.00551658
0.0117536
0.0128633
0.00995028
0.00516457
0.00044822
0.0114762
0.0314513
0.0302722
0.00648238
-0.00655695
0.00481778
0.0163312
0.0105745
0.00134988
0.00252896
0.00821633
0.0106439
0.0142505
0.0142505
-0.000938943
-0.0127992
0.00141923
0.0150828
-0.000106645
-0.017793
-0.00967807
0.00918734
0.0188975
0.0210476
0.0188975
0.0143892
0.0164699
0.0268737
0.0316594
0.0202846
0.00592751
0.00870184
0.0204234
0.0197298
0.00995028
0.00696788
0.00828569
0.00481778
0.00939542
0.0318675
0.0478198
0.0415082
0.0351966
0.0385258
0.0302722
0.00481778
-0.0108572
-0.000384078
0.0122391
0.00308383
-0.00815219
0.00377741
0.0227122
0.0245848
0.0185507
0.0180652
0.0153602
0.0100196
0.0109213
0.00745339
-0.00933128
-0.0181398
-0.0102329
-0.00919256
-0.0161977
-0.00891513
0.00433228
0.00370805
0.00141923
0.00932606
0.0115455
0.000586936
-0.00378263
0.0116149
0.0239606
0.00571944
-0.0229255
-0.0246594
-0.00752797
0.00481778
0.0134182
0.0156377
0.00336126
-0.00752797
-0.0010083
0.00904863
0.00856312
0.00349998
0.00190474
0.00211282
0.000933727
0.000795011
0.00356934
0.00349998
0.000378862
0.00252896
0.00696788
0.00481778
0.00336126
0.00911799
0.013002
0.0134182
0.0151521
0.0127246
0.00294511
-0.00551658
-0.00426813
0.00176602
0.00294511
0.00134988
0.000795011
-0.00308904
-0.0123137
-0.0203592
-0.0193188
-0.0110652
-0.00641824
-0.00579401
-0.000730868
0.00349998
-0.00142445
-0.00621016
-0.00544722
-0.00752797
-0.00891513
0.00044822
0.00759211
-0.00773604
-0.0272257
-0.01703
0.00780018
0.00592751
-0.0182785
-0.0267402
-0.0153654
-0.011412
-0.0166139
-0.0105104
0.00884055
0.0245848
0.0221573
0.00190474
-0.0161284
-0.0164752
-0.00933128
-0.00489236
0.000170787
0.00245961
-0.000453436
0.000101429
-0.000176003
-0.0125911
-0.0195963
0.000517578
0.0237526
0.0180652
-0.0010083
-0.00593273
-0.0031584
-0.00572465
-0.00634888
-0.000592152
0.0049565
0.0156377
0.0345724
0.0417857
0.0289544
0.0175103
0.0170942
0.0139037
0.0041242
-0.000522794
0.00544201
0.0164699
0.0258333
0.0278447
0.0212557
0.0145279
0.0134875
0.013765
0.0118923
0.00523393
-0.00468428
-0.00551658
-0.000453436
-0.00655695
-0.0123137
0.000795011
0.0136263
0.00287575
-0.0182091
-0.0229948
-0.00586337
0.0133488
0.0146666
0.00273704
-0.00489236
-0.000384078
0.0087712
0.00897927
0.00349998
0.00523393
0.0134875
0.0243074
0.0287463
0.0168167
0.00551136
0.00911799
0.00745339
-0.00683438
-0.0108572
0.00190474
0.0107826
0.00294511
-0.0122443
-0.0198044
-0.00787476
0.0209782
0.0360289
0.0154989
-0.013146
-0.0151574
0.00190474
0.00724532
-0.00718117
-0.0179317
-0.00898449
0.00252896
0.000656294
0.00044822
0.0121697
0.0159151
0.00308383
-0.00891513
-0.0154348
-0.0186946
-0.00607144
0.0221573
0.0440051
0.0424099
0.0231977
0.00745339
0.00544201
0.00904863
0.0087712
0.00530329
0.00641302
0.010089
0.0071066
0.000795011
-0.00246482
-0.00114702
0.00946478
0.0261107
0.0308271
0.0169555
0.00384677
0.00703724
0.0150134
0.0134875
0.00356934
-0.00849898
-0.0164752
-0.0155042
-0.00572465
0.00363869
-0.0010083
-0.0127992
-0.0123137
-0.00288097
0.000170787
-0.00364391
-0.0112733
-0.0165445
-0.00329712
0.0244461
0.0361677
0.0184813
-0.0056553
-0.0109265
-0.0031584
-0.00406006
-0.0130073
-0.0118282
-0.0026729
-0.00260354
-0.00711182
-3.72869e-05
0.0124472
0.0145973
0.00315319
-0.0116895
-0.0069731
0.0231283
0.0471956
0.0430341
0.0248623
0.00447099
-0.0171687
-0.0217464
0.00204346
0.0258333
0.0196604
-0.00364391
-0.0120362
-0.00163252
0.00460971
0.00356934
0.0123778
0.0286076
0.0364451
0.0298561
0.0132101
-0.000384078
-0.004823
-0.00295033
0.00717596
0.0165393
0.0062743
-0.0111346
-0.00690374
0.0135569
0.0221573
0.00967285
-0.0061408
-0.00385198
0.00974221
0.0121004
0.00904863
0.0192443
0.0346418
0.0373467
0.0240993
0.00433228
-0.004823
0.00162731
0.00599687
-0.00239546
-0.0105104
-0.00711182
0.00183538
0.00814697
0.0107132
0.0102277
0.0107826
0.0168861
0.0209782
0.00911799
-0.0105104
-0.011412
0.00606623
0.012794
0.000864369
-0.00960871
-0.013354
-0.0195963
-0.0191801
0.00134988
0.0252784
0.0294399
0.0173022
0.00176602
-0.00392134
0.00870184
0.0155683
0.000240146
-0.00142445
0.0277753
0.0447681
0.0252784
-0.00607144
-0.0273644
-0.0295839
-0.00856834
0.0108519
-0.00170188
-0.0279193
-0.0256304
0.00148859
0.0159844
0.00821633
-0.00516979
-0.00940063
0.0028064
0.0167474
0.014736
0.00890991
0.00675981
-0.00246482
-0.00856834
0.00134988
0.00981157
0.000864369
-0.0125911
-0.0116201
0.0057888
0.0273592
0.0399824
0.0339482
0.010089
-0.0130073
-0.0166832
-0.00579401
0.00544201
0.0159844
0.0254865
0.0277753
0.0277753
0.0324223
0.036237
0.037
0.0369306
0.0278447
0.00946478
-0.00197931
-0.00378263
-0.00350519
0.00218217
0.00932606
0.00821633
0.00884055
0.0194523
0.0288851
0.0299948
0.0235445
0.0108519
0.00488714
0.00897927
0.00370805
-0.00842962
-0.00461492
0.00599687
0.00405484
0.00225153
0.00821633
0.00932606
0.0123085
0.022088
0.0168167
-0.00190996
-0.00891513
-0.00322776
0.0032919
0.00641302
-0.000869585
-0.0150186
-0.0152961
-0.00204867
-0.000869585
-0.0128685
-0.0127992
-0.00440685
-0.00842962
-0.00627952
0.0209782
0.0379016
0.0143892
-0.0186253
-0.0220238
-0.00260354
0.0116842
0.0102971
0.00592751
0.0111987
0.021325
0.0273592
0.0266656
0.0139037
-0.00350519
-0.000176003
0.0175797
0.015707
-0.000314719
0.000378862
0.0160538
0.0308271
0.0375548
0.0270817
0.00516457
-0.00406006
0.00273704
0.00807761
0.0079389
0.00786954
0.0049565
0.00405484
0.0177878
0.0345724
0.0281915
0.00287575
-0.0156429
-0.018764
-0.0103716
0.0028064
0.00419356
-0.0061408
-0.00260354
0.0196604
0.0369306
0.0341563
0.0178571
0.00780018
0.0128633
0.0149441
0.000795011
-0.0107878
-0.00336648
0.0105051
0.0154989
0.00863248
-0.00433749
-0.00766668
0.00558072
0.0175797
0.0140424
0.00128052
-0.00607144
-0.00170188
0.00100309
-0.013146
-0.0272257
-0.00988614
0.0256946
0.0275672
-0.0136315
-0.0424845
-0.0213996
0.0186894
0.0344337
0.026735
0.0153602
0.00419356
-0.00406006
-0.00260354
0.00523393
0.013002
0.0145973
0.00634366
-0.000800226
-0.00170188
-0.00787476
-0.0175849
-0.0184172
-0.0138396
-0.0110652
0.000240146
0.0207702
0.0245155
0.00745339
-0.00135509
0.00523393
0.0131408
0.0202153
0.0198685
0.00467907
-0.00718117
-0.00329712
0.000517578
0.0011418
0.0143892
0.036237
0.0415082
0.0204927
-0.00440685
-0.0116895
-0.0100249
-0.0105797
-0.00641824
0.00786954
0.0208395
0.0192443
0.0108519
0.0146666
0.0282608
0.0377629
0.0408147
0.0376242
0.0259027
0.0071066
-0.00815219
-0.0031584
0.0154989
0.0179958
0.0028064
-0.00170188
0.0129327
0.0287463
0.0288851
0.0105745
-0.0137702
-0.0272257
-0.0216077
-0.00135509
0.0202153
0.032561
0.038179
0.0382484
0.0258333
0.00946478
0.00835505
0.0185507
0.022088
0.0202846
0.0231977
0.0241687
0.0141811
0.00204346
0.000378862
0.00634366
0.00835505
0.00398548
0.00315319
0.0102277
0.0182733
0.0159844
-0.00433749
-0.0259772
-0.0195269
0.00675981
0.0149441
0.000933727
-0.00475364
0.00585815
0.00995028
-0.00142445
-0.00974743
-0.00426813
0.00183538
0.000309504
-0.000869585
0.00481778
0.015707
0.0215331
0.0122391
-0.004823
-0.0105104
-0.00260354
0.00273704
-0.00225675
-0.00794411
-0.00274225
0.0131408
0.0236832
0.0153602
0.000795011
0.00363869
0.0256252
0.043589
0.0344337
0.00266768
-0.0213302
-0.0195963
-0.00364391
0.0157764
0.0374161
0.0485828
0.0360983
0.0122391
-0.0010083
-0.0018406
0.00266768
0.012031
0.0207702
0.0188281
0.00856312
0.00537265
0.0140424
0.0181345
0.00662109
-0.0103023
-0.0220932
-0.0238271
-0.0103716
0.00738403
0.0106439
0.00245961
-0.0053085
-0.00773604
0.00454035
0.0234058
0.020354
0.00134988
-0.0026729
0.00356934
0.00488714
0.00939542
0.0134875
0.0087712
0.00405484
0.00100309
-0.00322776
-0.00621016
-0.0114814
-0.0127992
-0.000730868
0.0151521
0.0240993
0.0240993
0.0161925
0.0102971
0.010089
0.00620494
0.0032919
0.0136263
0.0295786
0.03159
0.0114762
-0.015088
-0.0238965
-0.012383
0.00585815
0.0209782
0.0271511
0.0213944
0.00419356
-0.0176543
-0.0279193
-0.0200124
-0.00856834
-0.00364391
0.00523393
0.0187588
0.0201459
0.0102971
0.00523393
0.0041242
-0.000730868
-0.00350519
0.00301447
0.0122391
0.0117536
-0.000384078
-0.0103716
-0.00260354
0.0139037
0.013002
-0.00170188
-0.00447621
0.00100309
-0.00177124
-0.00114702
0.0138343
0.0259027
0.0213944
0.00911799
-0.000800226
-0.00836026
-0.0139783
-0.0155735
-0.0130766
-0.00808283
-0.000245361
0.0106439
0.0173022
0.00960349
-0.00253418
0.0019741
0.0159844
0.0141811
0.00266768
0.00391613
0.0142505
0.0165393
0.0105745
0.00162731
-0.0150186
-0.0266015
-0.00926192
0.0188281
0.0249316
0.0172329
0.0114762
0.00516457
-0.000938943
-0.00953935
-0.0233416
-0.030971
-0.0279886
-0.0248675
-0.0198737
-0.00364391
0.0136263
0.0114762
-0.00940063
-0.033676
-0.0517091
-0.053235
-0.0354099
-0.0156429
-0.00232611
0.0115455
0.0195217
0.0148747
0.0111294
0.0179265
0.0288157
0.0359596
0.0359596
0.0271511
0.0103664
-0.00419877
-0.00197931
0.0116149
0.0115455
-0.00378263
-0.000453436
0.027706
0.0379016
0.0150828
-0.00586337
-0.00704246
-0.00107766
0.0041242
0.00786954
0.00745339
0.00259832
-0.00558594
-0.0106491
-0.00177124
0.0141118
0.0135569
-0.000869585
-0.00135509
0.0167474
0.030619
0.0257639
0.0115455
0.00592751
0.0145279
0.0253478
0.0239606
0.0158457
0.0188281
0.0280528
0.0219492
-0.00142445
-0.019735
-0.0136315
0.00738403
0.017649
0.0156377
0.0167474
0.0168167
0.00759211
-0.00232611
-0.00627952
-0.00329712
0.00703724
0.0134182
0.00336126
-0.0132153
-0.0103023
0.0182039
0.0412308
0.0316594
0.0049565
-0.00981678
-0.00690374
0.00724532
0.0254865
0.0355434
0.0291625
0.0108519
-0.00794411
-0.0173075
-0.0134928
-0.00225675
0.00544201
0.00648238
0.00356934
-0.00676503
-0.0205673
-0.0148106
0.0103664
0.015707
-0.00773604
-0.016822
0.00232089
0.0161925
0.0136956
0.0179265
0.0315207
0.0312432
0.0166087
0.00890991
0.0123778
0.0142505
0.00599687
-0.00808283
-0.0127298
-0.0010083
0.0121004
0.0128633
0.0109213
0.0135569
0.00634366
-0.0134234
-0.0277112
-0.0259772
-0.00773604
0.0154989
0.0183426
-0.000938943
-0.0149493
-0.0127992
-0.00558594
-0.00440685
-0.0206367
-0.0430393
-0.0327743
0.0087712
0.0329078
0.0270817
0.0145973
0.00134988
-0.0099555
-0.0100942
-0.00503107
-0.00579401
-0.00773604
0.00301447
0.0250704
0.0351273
0.0190362
-0.00503107
-0.013146
-0.0120362
-0.0191108
-0.0230642
-0.0102329
0.0049565
0.0157764
0.0308964
0.0367225
0.0181345
-0.00336648
-0.00787476
-0.00725053
-0.0117588
-0.0159203
-0.0116201
0.00121116
0.00835505
-0.00197931
-0.018764
-0.0204286
-0.00537786
0.00467907
0.000101429
0.000586936
0.0187588
0.0413002
0.050178
0.038942
0.0236832
0.0281915
0.0410227
0.032561
0.00953414
-0.00593273
-0.00960871
0.00134988
0.0225041
0.0279834
0.00856312
-0.0138396
-0.0234803
-0.0192495
-0.00107766
0.0207702
0.0270124
0.0192443
0.0157764
0.0125165
-0.00454557
-0.0243126
-0.0246594
-0.00253418
0.0254171
0.0391501
0.0342256
0.0195911
0.00454035
-0.00440685
-0.00510043
0.00190474
0.0135569
0.0177878
0.010089
0.00870184
0.0211169
0.0231283
0.00530329
-0.00329712
0.0134182
0.0272898
0.0165393
0.0049565
0.0135569
0.0201459
0.00107244
-0.0279886
-0.0365197
-0.0182091
0.00530329
0.0143198
0.00988093
-0.00177124
-0.0162671
-0.0217464
-0.0100249
0.0151521
0.0444906
0.0578074
0.0375548
0.00134988
-0.0157816
-0.00898449
0.00273704
0.0114762
0.0154296
0.0087712
-0.00537786
-0.0123137
-0.000453436
0.0207702
0.0260414
0.00662109
-0.0123137
-0.00364391
0.0207008
0.0295093
0.0186894
0.00592751
-0.00468428
-0.0207754
-0.0352019
-0.0277805
0.00322255
0.033324
0.0419244
0.0333933
0.0256252
0.0273592
0.0297867
0.023059
0.014736
0.0133488
0.0145973
0.0187588
0.026735
0.0225735
0.00440163
-0.0026729
0.00641302
0.0111987
0.00967285
0.0139037
0.0235445
0.0295093
0.02403
0.0087712
-0.0053085
-0.0109959
-0.00891513
-0.00163252
0.0106439
0.0231283
0.0237526
0.0175103
0.0194523
0.0222267
0.015707
0.0118923
0.0200766
0.0308964
0.0331853
0.023267
0.0057888
-0.00475364
-0.00371327
-0.00711182
-0.0200124
-0.0259079
-0.0152961
0.00377741
0.0164699
0.0133488
-0.00149381
-0.0140476
-0.0114814
0.00696788
0.0237526
0.0208395
0.00558072
0.00384677
0.0202153
0.0187588
-0.0311791
-0.0893706
-0.0665517
0.0501086
0.114889
-0.00974743
-0.18238
-0.0985952
0.215736
0.302434
-0.0750134
-0.424856
-0.164208
0.389617
0.370613
-0.28073
-0.606366
-0.0637081
0.554342
0.265812
-0.546787
-0.631751
0.214349
0.727946
0.0719565
-0.80695
-0.554972
0.525905
0.862986
-0.0698116
-0.915565
-0.405019
0.731968
0.800356
-0.32068
-0.947192
-0.12079
0.923258
0.607471
-0.609626
-0.901138
0.193611
1.05421
0.385663
-0.83074
-0.781773
0.458143
1.02438
0.0664078
-0.972022
-0.532638
0.721703
0.909941
-0.256177
-1.05171
-0.308958
0.865968
0.745285
-0.45683
-0.921599
0.0311739
0.946146
0.446005
-0.703814
-0.76041
0.341205
0.90252
0.0705693
-0.879082
-0.483602
0.673916
0.830596
-0.261587
-0.940811
-0.149157
0.941985
0.678216
-0.554833
-0.898086
0.180502
1.08465
0.458281
-0.785241
-0.807921
0.418331
1.07044
0.17419
-0.949342
-0.625093
0.681198
1.02591
-0.123356
-1.07072
-0.40058
0.897665
0.884972
-0.427353
-1.09354
-0.149019
0.964179
0.581323
-0.708669
-0.983813
0.154909
1.0196
0.333575
-0.866737
-0.776016
0.460154
0.981033
0.0246542
-0.947677
-0.47514
0.701173
0.798414
-0.291272
-0.878944
-0.0711294
0.878938
0.495318
-0.658177
-0.828936
0.250554
0.94247
0.206789
-0.809655
-0.540406
0.635422
0.975346
-0.036589
-0.916744
-0.363405
0.804517
0.831012
-0.346967
-0.965433
-0.0878447
0.974791
0.621065
-0.651518
-0.961341
0.167671
1.06419
0.377132
-0.886781
-0.84149
0.446144
1.04477
0.0559347
-1.0463
-0.623844
0.690076
0.94039
-0.236063
-1.07724
-0.324564
0.917779
0.824284
-0.44275
-0.980137
-0.00731989
0.982213
0.498786
-0.709224
-0.813955
0.298411
0.890244
0.0659917
-0.888584
-0.489498
0.675164
0.82907
-0.274765
-0.960855
-0.162821
0.943233
0.680297
-0.585073
-0.961896
0.13528
1.09381
0.486996
-0.786975
-0.828381
0.416458
1.05705
0.0955382
-1.05338
-0.669967
0.700549
1.04762
-0.140488
-1.11254
-0.430127
0.895515
0.899191
-0.413481
-1.08528
-0.136603
0.982005
0.576259
-0.751047
-1.01891
0.172664
1.06732
0.361388
-0.869996
-0.781565
0.483528
1.02355
0.0485134
-0.951631
-0.485614
0.697359
0.793975
-0.31957
-0.945943
-0.152001
0.828584
0.49303
-0.626064
-0.786836
0.279407
0.94143
0.170029
-0.866737
-0.579941
0.630428
0.965983
-0.0849316
-0.96897
-0.370271
0.832676
0.851264
-0.359312
-1.00101
-0.110872
0.983877
0.63452
-0.673089
-1.02328
0.0960931
1.02598
0.382195
-0.880123
-0.872077
0.393778
1.01675
0.0727888
-1.0033
-0.577166
0.731552
0.963694
-0.237866
-1.07897
-0.299872
0.949337
0.822273
-0.474308
-1.00379
-0.0162671
0.966607
0.478187
-0.713247
-0.80043
0.319565
0.927628
0.120923
-0.846831
-0.48277
0.661362
0.8118
-0.291064
-0.966335
-0.152833
0.949337
0.66809
-0.597904
-0.96141
0.132575
1.07585
0.468061
-0.794881
-0.83393
0.410285
1.07515
0.153383
-0.987212
-0.63515
0.696804
1.01807
-0.177525
-1.13897
-0.444762
0.882545
0.889065
-0.411123
-1.07058
-0.119888
0.997194
0.596581
-0.731766
-1.01849
0.151926
1.03486
0.326431
-0.891289
-0.783368
0.481932
1.00378
0.0111987
-0.985963
-0.484643
0.745146
0.856189
-0.279967
-0.9182
-0.106918
0.877621
0.514115
-0.629601
-0.788639
0.301116
0.990882
0.224475
-0.833306
-0.572034
0.627168
0.976803
-0.0555932
-0.944903
-0.355151
0.852374
0.871517
-0.33476
-0.963144
-0.0851397
0.972919
0.614198
-0.662338
-0.975143
0.160457
1.07411
0.400645
-0.867014
-0.837537
0.448432
1.06884
0.0926252
-1.02064
-0.604701
0.70589
0.929986
-0.270811
-1.09437
-0.309236
0.927905
0.803754
-0.462725
-0.962243
0.0271511
0.986652
0.480615
-0.706589
-0.785796
0.32879
0.916461
0.0858974
-0.883868
-0.500317
0.656646
0.814713
-0.275389
-0.957665
-0.173294
0.915698
0.648184
-0.593327
-0.919033
0.21317
1.1468
0.481586
-0.816174
-0.836496
0.430261
1.08361
0.139234
-1.00441
-0.643057
0.688897
1.00205
-0.196043
-1.15464
-0.457454
0.876164
0.893018
-0.40391
-1.06864
-0.115796
1.00871
0.607609
-0.718796
-0.997199
0.178768
1.07703
0.39038
-0.8383
-0.777056
0.445658
0.955302
-0.0152961
-0.979998
-0.479094
0.713935
0.807361
-0.297514
-0.908629
-0.118778
0.844537
0.506485
-0.608377
-0.78212
0.270806
0.950655
0.215736
-0.809308
-0.544984
0.647143
0.986721
-0.0688406
-0.975005
-0.382478
0.828584
0.835381
-0.397251
-1.04173
-0.140626
0.963486
0.625504
-0.660535
-0.979027
0.156435
1.05982
0.376716
-0.887475
-0.848218
0.436919
1.04165
0.0662691
-1.01912
-0.589235
0.71879
0.953914
-0.25042
-1.11719
-0.361463
0.896763
0.797026
-0.477984
-0.987004
0.0145973
0.97923
0.452941
-0.748758
-0.810764
0.332812
0.937823
0.113918
-0.865627
-0.505034
0.646381
0.813742
-0.28177
-0.965433
-0.158035
0.943233
0.654634
-0.611013
-0.94636
0.176479
1.10456
0.453079
-0.826439
-0.8469
0.412019
1.0739
0.155533
-0.968277
-0.613926
0.707069
1.03964
-0.130153
-1.08182
-0.387819
0.929986
0.901827
-0.439352
-1.10817
-0.134037
1.00267
0.601783
-0.719073
-0.984368
0.189241
1.05566
0.340511
-0.874505
-0.776779
0.468408
0.986929
0.00835505
-0.98957
-0.513426
0.693059
0.804309
-0.316518
-0.945943
-0.132095
0.863888
0.510716
-0.637716
-0.802996
0.279545
0.9587
0.204292
-0.832196
-0.581883
0.600882
0.968202
-0.0424845
-0.945735
-0.393714
0.794044
0.831012
-0.343221
-0.949481
-0.0583675
0.995252
0.60539
-0.694173
-0.983119
0.197356
1.12044
0.417499
-0.872355
-0.8383
0.456617
1.0807
0.103376
-1.03174
-0.64375
0.677314
0.940528
-0.252432
-1.1088
-0.338366
0.922079
0.803962
-0.491856
-1.00524
-0.00634888
0.94462
0.421799
-0.748412
-0.790373
0.337321
0.915282
0.0884637
-0.860217
-0.466124
0.682932
0.825671
-0.271574
-0.938037
-0.137644
0.925686
0.610176
-0.645207
-0.957249
0.175855
1.10768
0.459807
-0.819226
-0.829006
0.456339
1.12544
0.170168
-0.997962
-0.646039
0.701243
1.0402
-0.151793
-1.13023
-0.442195
0.899468
0.896208
-0.443583
-1.12191
-0.154012
0.991784
0.613297
-0.710958
-1.00982
0.156227
1.05504
0.355909
-0.887683
-0.820752
0.428319
0.971878
0.0258333
-0.938453
-0.456622
0.718444
0.799454
-0.314576
-0.916119
-0.100399
0.86361
0.489076
-0.651171
-0.810279
0.26824
0.956481
0.218233
-0.813331
-0.55844
0.632786
0.987484
-0.057882
-0.980137
-0.40821
0.812909
0.850224
-0.361254
-0.991096
-0.0852091
0.986027
0.600257
-0.691052
-0.986865
0.152967
1.04907
0.356949
-0.924096
-0.890942
0.407164
1.01738
0.0272205
-1.06538
-0.611707
0.721634
0.953152
-0.252986
-1.09603
-0.32928
0.91008
0.800286
-0.46439
-0.972993
0.0225041
0.998928
0.485192
-0.729546
-0.812013
0.326848
0.930471
0.0942898
-0.887336
-0.501843
0.676135
0.844953
-0.27102
-0.978195
-0.181201
0.922287
0.639029
-0.629948
-0.98416
0.12779
1.08403
0.470835
-0.814926
-0.868401
0.385594
1.0644
0.140552
-1.00663
-0.646941
0.705057
1.04096
-0.155954
-1.12378
-0.423677
0.912508
0.900855
-0.443583
-1.12114
-0.130569
1.03222
0.626822
-0.726564
-1.01128
0.171555
1.04658
0.317484
-0.914108
-0.807227
0.459252
0.978537
-0.00350519
-0.981663
-0.489567
0.706237
0.809996
-0.292382
-0.900028
-0.0856946
0.900231
0.544424
-0.611221
-0.799945
0.272748
0.971462
0.222672
-0.832057
-0.566485
0.658033
1.01322
-0.0596159
-0.984576
-0.396627
0.811938
0.823382
-0.379426
-0.983952
-0.0752215
0.99109
0.607679
-0.693965
-1.0049
0.143673
1.06399
0.392322
-0.879152
-0.851062
0.447808
1.0782
0.092209
-1.03569
-0.620654
0.704017
0.942054
-0.263876
-1.1072
-0.328725
0.922981
0.803269
-0.491856
-1.02321
-0.0213302
0.977011
0.474788
-0.736274
-0.809932
0.335379
0.937477
0.10185
-0.879082
-0.506074
0.650334
0.81069
-0.288428
-0.968346
-0.150198
0.964596
0.674887
-0.609695
-0.964115
0.152065
1.08958
0.460154
-0.800222
-0.818602
0.428041
1.07106
0.127166
-1.01676
-0.656304
0.684042
1.01925
-0.163445
-1.13113
-0.450172
0.867702
0.853415
-0.46765
-1.11109
-0.114894
1.02112
0.594154
-0.749937
-1.00656
0.194651
1.07162
0.340303
-0.896838
-0.800014
0.465009
0.992478
0.0107826
-0.977501
-0.492064
0.705404
0.806598
-0.321165
-0.96904
-0.171213
0.836352
0.517929
-0.603245
-0.772756
0.287938
0.94788
0.173774
-0.866043
-0.578415
0.642843
0.99657
-0.0498364
-0.949897
-0.363613
0.838641
0.848143
-0.378941
-1.02619
-0.132442
0.971323
0.643606
-0.63834
-0.97112
0.157614
1.08063
0.415903
-0.851547
-0.824012
0.450513
1.04033
0.0431035
-1.0581
-0.618296
0.712964
0.953498
-0.253056
-1.09673
-0.308473
0.95114
0.829139
-0.465014
-0.996991
-0.0194576
0.954955
0.472638
-0.707421
-0.796338
0.312213
0.91008
0.104832
-0.837121
-0.450241
0.671419
0.787871
-0.301676
-0.941158
-0.119264
0.968133
0.668991
-0.605256
-0.955099
0.152065
1.07488
0.437335
-0.81985
-0.833722
0.413129
1.06884
0.155533
-0.970219
-0.614966
0.71345
1.0282
-0.176068
-1.13807
-0.427422
0.915282
0.897804
-0.459466
-1.1373
-0.130153
1.04616
0.634867
-0.737106
-1.03424
0.152134
1.0429
0.333853
-0.886712
-0.791691
0.454189
0.981242
0.032353
-0.93554
-0.470355
0.699717
0.803061
-0.293214
-0.91175
-0.120651
0.855911
0.521328
-0.604008
-0.796477
0.23911
0.922495
0.208453
-0.806811
-0.550394
0.635006
0.975485
-0.0836138
-1.00088
-0.410499
0.819984
0.856536
-0.354665
-0.996159
-0.116143
0.953776
0.600743
-0.672742
-0.988737
0.124946
1.02348
0.366312
-0.887544
-0.873048
0.398911
1.0282
0.074384
-1.02286
-0.618088
0.674609
0.924576
-0.229197
-1.06642
-0.348354
0.871517
0.819152
-0.382825
-0.942614
-0.0993581
0.842803
0.556007
-0.439629
-0.714912
-0.0287516
0.53402
0.274066
-0.271505
-0.323662
0.0397049
0.234046
0.116276
-0.0126605
-0.0211915
-0.0395714
-0.0920755
-0.0433168
0.0967173
0.14291
0.0328385
-0.0945724
-0.106155
-0.0167526
0.0745227
0.0887411
0.00502586
-0.108097
-0.113854
0.0344337
0.171555
0.103306
-0.0936014
-0.154775
-0.0116201
0.116831
0.0573219
-0.0685631
-0.0575352
0.0565589
0.080973
-0.0181398
-0.0771635
-0.00683438
0.0884637
0.0758405
-0.0345776
-0.106502
-0.0562867
0.041855
0.0634254
-0.00655695
-0.0642629
-0.0324969
0.042826
0.0572525
-0.00870705
-0.0510155
-0.00510043
0.0501086
0.0344337
-0.0138396
-0.0211915
0.0163312
0.0510103
0.0448374
0.00606623
-0.0189027
-0.00586337
0.0279834
0.0494151
0.0288851
-0.0220932
-0.045883
-0.00759732
0.0424099
0.0351966
-0.00544722
-0.0106491
0.0207702
0.0297867
-0.00627952
-0.0350631
-0.0158509
0.0181345
0.0121697
-0.033676
-0.0556625
-0.0164752
0.0343643
0.0342256
-0.00641824
-0.0330518
-0.024382
0.00675981
0.0304109
0.0136956
-0.0266015
-0.0408199
-0.0157122
0.0188281
0.0209782
-0.0130073
-0.0294451
0.00273704
0.0286076
0.00613559
-0.0127992
0.00918734
0.0344337
0.0284689
-0.00516979
-0.041236
-0.0465072
-0.010441
0.0291625
0.0277753
-0.00607144
-0.0222319
0.00904863
0.0505248
0.040884
-0.00801347
-0.0264627
0.00897927
0.0403291
0.0143198
-0.0343002
-0.0365197
0.0118923
0.0471956
0.0279834
-0.00919256
-0.012175
0.0185507
0.0319368
-0.00128573
-0.0310404
-0.00842962
0.0314513
0.0298561
-0.0115507
-0.040265
-0.0240352
0.0209089
0.0470569
0.0182039
-0.0307629
-0.0265321
0.0270124
0.042618
-0.0082909
-0.0464379
-0.0167526
0.0388033
0.0451149
-0.0129379
-0.0552464
-0.0142557
0.0590558
0.0663384
-0.00634888
-0.0697422
-0.0500445
0.017649
0.0512184
0.0283995
-0.00544722
-0.00648759
0.0179265
0.0188975
-0.0184866
-0.0371439
0.00245961
0.0566283
0.0541314
-0.0134234
-0.0633613
-0.025353
0.0488602
0.0553799
-0.00801347
-0.0440797
-0.00454557
0.0564896
0.0684885
0.0268043
-0.00981678
0.00398548
0.0469875
0.0542008
0.00349998
-0.0372132
-0.013354
0.0287463
0.0234751
-0.0182091
-0.0316646
0.0041242
0.0395662
0.0300641
-0.0140476
-0.047617
-0.0361729
0.00780018
0.0299254
0.00190474
-0.0318727
-0.017793
0.0270124
0.0380403
0.00294511
-0.0180704
0.00419356
0.0315207
0.0261801
-0.010441
-0.0343002
-0.000245361
0.0591252
0.0652287
0.0139037
-0.0236884
-0.014117
0.0116842
0.0195911
0.00995028
0.000378862
-0.00454557
-0.00190996
0.00849376
0.00467907
-0.0155042
-0.0129379
0.027706
0.0549637
0.0253478
-0.0191801
-0.0112733
0.0406759
0.0539233
-0.0148106
-0.0879834
-0.0716149
0.00717596
0.0444906
0.00856312
-0.0277805
-0.00738925
0.0397049
0.0460859
-0.00503107
-0.0491428
-0.0261853
0.0347805
0.0566283
0.0182039
-0.0232029
-0.0193188
0.0163312
0.0374855
0.0180652
-0.0112039
-0.00967807
0.0126553
0.0152909
-0.00946999
-0.023411
-0.000176003
0.0397049
0.051149
0.0173716
-0.0178623
-0.013146
0.00911799
0.00239025
-0.039294
-0.0725165
-0.0567029
-0.00260354
0.030619
0.00759211
-0.0260466
-0.0180704
0.0143892
0.0277753
0.0129327
-0.00107766
0.013002
0.0439358
0.0508022
0.0191056
-0.0140476
-0.0127992
0.0166087
0.0293012
-0.00718117
-0.0481025
-0.0295839
0.0299254
0.0539233
0.0152909
-0.024382
-0.00905384
0.0326304
0.0363064
-0.00662631
-0.0384617
-0.0174462
0.0303416
0.0468488
0.0177878
-0.0106491
-0.00295033
0.0219492
0.0213944
-0.0155042
-0.0424845
-0.0195269
0.0258333
0.0337401
-0.00593273
-0.0354099
-0.0123137
0.0340176
0.0462246
0.00911799
-0.0296532
-0.0148106
0.0444906
0.0738291
0.0299948
-0.0208447
-0.00114702
0.0523975
0.0513571
-0.00676503
-0.0440103
-0.0191801
0.032561
0.0512184
0.0154989
-0.021677
-0.00135509
0.0489296
0.0543395
0.00592751
-0.0278499
-0.00808283
0.0280528
0.0308964
-0.000592152
-0.0251449
-0.0192495
-0.00114702
0.00176602
-0.0170994
-0.0315259
-0.0086377
0.0436583
0.0634948
0.014736
-0.0338841
-0.00738925
0.049207
0.0485828
-0.00433749
-0.0378375
-0.0204286
0.0236138
0.0460859
0.0224347
-0.00385198
0.0106439
0.0390807
0.0331853
-0.0141863
-0.058853
-0.0435942
0.0224347
0.0493457
-0.0056553
-0.0583675
-0.0303468
0.0388033
0.0634948
0.0204234
-0.0328437
-0.0361035
0.000378862
0.0200766
-3.72869e-05
-0.0161284
0.0102277
0.0449761
0.0302029
-0.0262547
-0.0562867
-0.0209834
0.0475424
0.0748695
0.0278447
-0.0261159
-0.0127992
0.0366532
0.042618
-0.00149381
-0.0330518
-0.0241739
0.0032919
0.0250704
0.0179958
-0.0162671
-0.0315259
-0.000106645
0.0295786
0.00544201
-0.0338841
-0.0213996
0.0324917
0.0558654
0.0164699
-0.0358954
-0.0408892
-0.000245361
0.0312432
0.0149441
-0.0220238
-0.027295
0.00821633
0.0409534
0.0304109
-0.00204867
-0.0069731
0.0225735
0.0438664
0.0234751
-0.0117588
-0.0111346
0.028677
0.0487215
0.0126553
-0.0283354
-0.0238965
0.00592751
0.0216718
0.00863248
-0.016822
-0.021677
0.00155795
0.0117536
-0.0203592
-0.0533737
-0.0418602
-0.00295033
0.0154989
-0.0099555
-0.0447039
-0.0343002
0.0136956
0.0345724
0.000586936
-0.0417215
-0.0386698
0.011823
0.0515652
0.019383
-0.0490735
-0.0536511
0.0202153
0.0727888
0.0396356
-0.0176543
-0.0189721
0.0237526
0.0410227
0.00467907
-0.0378375
-0.0306242
0.0177184
0.0410921
0.00349998
-0.0390859
-0.0174462
0.0440051
0.0600269
0.00870184
-0.0400569
-0.0284741
0.0216718
0.0413002
-0.00301969
-0.053443
-0.0374907
0.0272898
0.0602349
0.0233364
-0.0270176
-0.0161977
0.0403291
0.0542701
-0.00350519
-0.0524027
-0.0243126
0.0386646
0.0501086
0.00183538
-0.029029
0.00148859
0.0487908
0.0526749
0.0079389
-0.036589
-0.0354793
0.0087712
0.0430341
0.0196604
-0.0261159
-0.0215383
0.0311045
0.0611366
0.0367919
0.00696788
0.0113374
0.0243768
0.013765
-0.0190414
-0.0487961
-0.0450507
-0.00586337
0.0194523
-0.00669567
-0.0426232
-0.0335373
0.00544201
0.017441
-0.0134928
-0.0436636
-0.0347857
0.00363869
0.0235445
-0.0115507
-0.0565642
-0.0394327
0.0219492
0.0427567
-0.00274225
-0.0427619
-0.0201511
0.0223654
0.0182039
-0.0191801
-0.0318033
-0.0116895
0.0141118
0.0255559
0.00696788
-0.0203592
-0.0108572
0.0268043
0.0338095
-0.011412
-0.0546915
-0.0353406
0.0282608
0.0563509
0.0192443
-0.0240352
-0.0210528
0.00897927
0.0139731
-0.0210528
-0.0504606
-0.0301387
0.0254171
0.0560041
0.0256946
-0.0199431
-0.0154348
0.026943
0.0364451
-0.00981678
-0.0501139
-0.0320807
0.00800826
0.00259832
-0.0430393
-0.0605869
-0.0257692
0.0207008
0.0318675
-0.00274225
-0.0388085
-0.0297226
0.0100196
0.023059
-0.0155735
-0.05809
-0.0449814
0.0136263
0.0446987
0.00599687
-0.0510155
-0.0530269
-0.00204867
0.037208
0.0211863
-0.021677
-0.0335373
-0.00066151
0.0289544
0.0125859
-0.0254917
-0.0374907
-0.0124524
0.0134875
-0.00364391
-0.0448426
-0.0467847
0.00460971
0.0412308
0.00988093
-0.0364503
-0.0273644
0.0179265
0.0364451
0.00641302
-0.0239658
-0.00204867
0.0479585
0.055796
0.0087712
-0.0281273
-0.0178623
0.00502586
0.00773082
-0.0078054
-0.0211222
-0.0082909
0.0275672
0.0415082
0.00606623
-0.0343002
-0.0259772
0.0193136
0.0388726
-0.00107766
-0.0481718
-0.0340228
0.0258333
0.0499006
0.00266768
-0.0459524
-0.0277805
0.0195911
0.026943
-0.00877641
-0.0367971
-0.0172381
0.0317981
0.0457391
0.00447099
-0.0302774
-0.0118282
0.0272205
0.0255559
-0.0261159
-0.0623209
-0.0250756
0.0506635
0.0698757
0.00814697
-0.0502526
-0.0390166
0.0115455
0.0311739
-0.0026729
-0.0337453
-0.00870705
0.04456
0.063356
0.0331853
-0.00489236
-0.0124524
0.00821633
0.0186201
-0.00579401
-0.0327743
-0.0237578
0.0158457
0.0466407
0.0282608
-0.0252836
-0.0456056
-0.00218739
0.0407453
0.0143892
-0.0385311
-0.0349244
0.0121697
0.0241687
-0.0211222
-0.0638468
-0.0484493
0.00904863
0.0406066
0.0122391
-0.0260466
-0.0185559
0.0182733
0.032353
0.00800826
-0.0191801
-0.0150186
0.0124472
0.0238219
-0.00454557
-0.0390859
-0.0266015
0.0320755
0.0684885
0.0290931
-0.0351325
-0.0379068
0.0158457
0.0471956
0.0169555
-0.0252143
-0.0159203
0.0314513
0.0478892
0.0134875
-0.0174462
-0.0136315
0.00315319
0.0112681
0.000309504
-0.0225093
-0.0236191
0.0132795
0.0427567
0.0166087
-0.0277112
-0.0225787
0.0248623
0.0460859
0.00703724
-0.031734
-0.00288097
0.0541314
0.0546169
-0.00170188
-0.0349244
-0.00156317
0.0473343
0.0372774
-0.0235497
-0.0584368
-0.0343002
0.0148054
0.0401211
0.0141811
-0.0350631
-0.0410973
0.0109213
0.047473
0.019383
-0.00849898
0.0207702
0.0562815
0.0383871
-0.0146719
-0.0449814
-0.020706
0.0318675
0.0444906
-0.00634888
-0.0542753
-0.03756
0.0245155
0.0625237
0.038179
-0.00489236
-0.00537786
0.0285383
0.0401211
0.0123085
-0.00787476
0.00967285
0.035266
0.0278447
-0.0101636
-0.0272257
0.00551136
0.0440051
0.0342256
-0.0139089
-0.0436636
-0.02244
0.0270817
0.0492763
0.0167474
-0.0259079
-0.0223706
0.0161925
0.0304803
-0.00600209
-0.0432474
-0.0240352
0.0250704
0.0318675
-0.0128685
-0.0474782
-0.0305549
0.0128633
0.0280528
-0.000314719
-0.0266708
-0.0146719
0.018412
0.0303416
-0.00225675
-0.0429006
-0.034647
0.0102971
0.0262494
-0.00406006
-0.0254224
0.000864369
0.0406066
0.0332546
-0.0220238
-0.0576739
-0.0315259
0.0207008
0.0320755
-0.0149493
-0.0576045
-0.0388778
0.0191749
0.0513571
0.0200072
-0.0367971
-0.0454669
0.000586936
0.0306884
0.00460971
-0.0305549
-0.0188333
0.0268043
0.0452536
0.0108519
-0.024382
-0.00669567
0.0395662
0.0459472
0.00162731
-0.0278499
-0.00683438
0.0234058
0.0221573
0.000586936
-0.0138396
-0.0166832
-0.0121056
-0.00808283
-0.0175155
-0.0288209
-0.0186946
0.0109907
0.0286076
0.0103664
-0.00891513
0.0186894
0.0622463
0.0470569
-0.0228561
-0.0601014
-0.0241046
0.0337401
0.0539233
0.0290238
-0.00731989
-0.0192495
-0.00128573
0.00571944
-0.0245207
-0.0425538
-0.00822155
0.0299948
0.0111987
-0.0433168
-0.0619047
-0.0247981
0.0238913
0.032353
-0.0078054
-0.0341615
0.00599687
0.0696676
0.077297
0.0209782
-0.0330518
-0.0349938
-0.00225675
0.0114068
-0.0166832
-0.0410973
-0.0132847
0.0446987
0.0618302
0.00988093
-0.0490735
-0.047825
0.00183538
0.0346418
0.00662109
-0.0435248
-0.039294
0.0224347
0.0634948
0.0390113
-0.00766668
-0.0194576
0.00800826
0.0292318
0.00551136
-0.0320114
-0.0275031
0.0118923
0.0288157
-0.00246482
-0.0382536
-0.0272257
0.0234751
0.050178
0.00814697
-0.0523333
-0.045883
0.0244461
0.0666159
0.0249316
-0.0397795
-0.0424151
0.00745339
0.0343643
0.0087712
-0.0173768
0.00232089
0.045531
0.0618302
0.0365838
0.00259832
-0.0039907
0.0175797
0.033324
0.0135569
-0.0184866
-0.0118975
0.0302722
0.0376242
-0.0139089
-0.048588
-0.0191108
0.0243074
0.0218799
-0.0212609
-0.049559
-0.0252836
0.0266656
0.0417163
0.000795011
-0.0244513
0.0178571
0.0737598
0.0711935
0.0183426
-0.0176543
-3.72869e-05
0.0430341
0.0598188
0.0300641
-0.0130766
-0.0178623
0.0238219
0.0503861
0.0139037
-0.035618
-0.0322888
0.00571944
0.0180652
-0.0118975
-0.0429006
-0.0333985
0.00974221
0.0385952
0.0183426
-0.0215383
-0.0276418
-0.00211803
0.00301447
-0.0335373
-0.062737
-0.0327743
0.0346418
0.0618995
0.0132795
-0.0473395
-0.0409586
0.0185507
0.0483053
0.0102277
-0.0331905
-0.00919256
0.0517732
0.0572525
-0.00593273
-0.0543447
-0.0322888
0.0291625
0.0564202
0.0154989
-0.0347164
-0.0301387
0.00349998
0.00835505
-0.0264627
-0.0646791
-0.061766
-0.0140476
0.0233364
0.00467907
-0.0399182
-0.0487267
-0.0086377
0.0183426
-0.0255611
-0.0871511
-0.0732101
0.000795011
0.0310352
-0.0218851
-0.0811169
-0.073765
-0.0202899
0.00585815
-0.0304161
-0.0746666
-0.0622515
-0.0189027
-0.0148799
-0.0564948
-0.0825735
-0.0585756
-0.0103023
0.0145973
-0.00731989
-0.0408892
-0.0349938
0.00315319
0.0146666
-0.0288209
-0.0723085
-0.0539286
0.000864369
0.0224347
-0.00572465
-0.0392246
-0.0392246
-0.00836026
0.0179265
0.00773082
-0.0250756
-0.0446346
-0.0388085
-0.0178623
-0.00170188
-0.00412942
-0.0134234
-0.00773604
0.00592751
0.00481778
-0.0026729
0.00204346
0.00738403
0.00232089
-0.00197931
-0.00371327
-0.00940063
-0.0135621
-0.00891513
0.00440163
0.0155683
0.00981157
-0.00066151
0.00786954
0.0158457
-0.00662631
-0.0254917
0.00336126
0.0432422
0.0358902
-0.00516979
-0.0266015
-0.0138396
0.00287575
0.000933727
-0.0113427
-0.0123137
0.00786954
0.0274979
0.0145973
-0.0189027
-0.0274337
-0.00648759
0.00474842
-0.00544722
-0.0127298
-0.00988614
-0.00988614
-0.00759732
0.00932606
0.0255559
0.0225735
0.00981157
0.0011418
0.000656294
0.00897927
0.0163312
0.0114762
0.00384677
0.00675981
0.0166087
0.0250704
0.0304803
0.028677
0.0106439
-0.0151574
-0.0229255
-0.010441
-0.00274225
-0.004823
0.00460971
0.0238913
0.027706
0.0173716
0.0152909
0.0218799
0.0197991
0.00828569
0.00537265
0.0141118
0.0124472
-0.0018406
-0.00211803
0.00967285
0.00655174
-0.00392134
-0.000106645
0.00516457
0.00121116
0.00516457
0.0119617
-0.0031584
-0.0259079
-0.0228561
0.00301447
0.0214637
0.017441
0.00766147
0.00835505
0.00967285
0.00398548
-0.0018406
-0.00787476
-0.00953935
0.00807761
0.0317287
0.0309658
0.00981157
-0.00558594
-0.0053085
0.00419356
0.00884055
-0.00128573
-0.0116895
0.000378862
0.0236138
0.026943
0.0139731
0.0103664
0.0118923
0.00301447
-0.00711182
-0.00655695
0.00301447
0.0141811
0.0139037
0.00169667
-0.00496171
0.00176602
0.0130714
0.0160538
0.00356934
-0.0182785
-0.0274337
-0.0105797
0.00967285
0.00634366
-0.00454557
0.00530329
0.0243074
0.0278447
0.0217412
0.0200766
0.0184813
0.0152215
0.0178571
0.017649
0.00107244
-0.0176543
-0.0161977
-0.00281161
0.0041242
0.010089
0.0234751
0.0307577
0.0193136
-0.000245361
-0.0169607
-0.0336066
-0.0410279
-0.0251449
-0.000176003
0.0111987
0.0125859
0.0133488
0.00870184
-0.00260354
-0.0106491
-0.0118975
-0.00745861
0.00523393
0.0184813
0.0161925
0.00169667
-0.0086377
-0.0178623
-0.0363809
-0.0479638
-0.0305549
-0.00246482
0.00107244
-0.0132847
-0.0115507
0.00780018
0.0172329
0.0116149
0.0177184
0.0401904
0.047473
0.0347111
0.0303416
0.0293706
0.00814697
-0.0162671
-0.0139783
0.00835505
0.0229203
0.0148054
0.00044822
0.00571944
0.0209782
0.0185507
0.00440163
0.0062743
0.0252091
0.0358902
0.028677
0.0161925
0.00565008
-0.00308904
-0.00842962
-0.0134928
-0.0159203
-0.00385198
0.0152215
0.0168167
-0.00295033
-0.0223012
-0.0222319
-0.00718117
0.00467907
0.00773082
0.0102277
0.00807761
-0.0107184
-0.0304161
-0.02244
0.000725653
0.00259832
-0.0132153
-0.018001
-0.0116895
-0.00190996
0.0171635
0.029648
0.0152215
-0.00523915
-0.00808283
-0.00558594
-0.00572465
0.00259832
0.0104358
0.00176602
-0.00766668
-0.00121638
0.00613559
0.00641302
0.0101584
0.00890991
-0.00926192
-0.0276418
-0.029029
-0.0192495
-0.00801347
0.00259832
0.00662109
-0.00489236
-0.0192495
-0.0112039
0.0154296
0.0354047
0.037
0.0194523
-0.0091232
-0.0252836
-0.0164752
0.000725653
0.00669045
0.00294511
0.0028064
0.0121697
0.0247929
0.027706
0.0132101
-0.00177124
0.00585815
0.0202153
0.0149441
0.00467907
0.00911799
0.013765
0.00273704
-0.0156429
-0.0258385
-0.0247288
-0.0230642
-0.0296532
-0.0330518
-0.0145331
0.0146666
0.023267
0.0138343
0.0114068
0.0121697
0.00100309
-0.00988614
-0.00655695
0.00273704
0.0102971
0.0186201
0.0215331
0.0100196
-0.0053085
-0.0031584
0.0159844
0.0288157
0.0255559
0.0179958
0.0114068
0.00585815
0.00703724
0.0103664
0.0102971
0.0143198
0.0187588
0.0150828
0.0148747
0.0271511
0.0381097
0.0349192
0.0218799
0.0138343
0.022088
0.0332546
0.0224347
0.0028064
0.00315319
0.00481778
-0.0115507
-0.00974743
0.025972
0.0414389
0.0125165
-0.00523915
0.0145279
0.0221573
-0.00239546
-0.0130766
0.00162731
0.00155795
-0.00801347
0.00814697
0.0218105
-0.00454557
-0.0322888
-0.0201511
0.00384677
0.00981157
0.00918734
0.00752275
0.000309504
0.000240146
0.01106
0.0114068
-0.000384078
-0.00322776
-0.00253418
-0.0118975
-0.0165445
